0 0.594034 0.613209 0.059534 0.053434
0 0.570356 0.662192 0.070356 0.059793
0 0.594033 0.535604 0.069004 0.063613
0 0.646802 0.536240 0.056826 0.041983
0 0.622448 0.716901 0.052766 0.062342
0 0.510485 0.580767 0.060208 0.069972
0 0.498984 0.438274 0.064268 0.075060
0 0.540250 0.487254 0.054797 0.048347
0 0.337635 0.635475 0.048708 0.054706
0 0.383300 0.609394 0.056150 0.058522
0 0.356578 0.488528 0.050061 0.053439
0 0.366049 0.426187 0.050061 0.033081
0 0.314634 0.366391 0.051416 0.043260
0 0.777708 0.381657 0.049385 0.048347
0 0.756396 0.849851 0.058179 0.063613
0 0.692467 0.584584 0.054797 0.059793
0 0.600122 0.466263 0.059531 0.044527
0 0.198274 0.520335 0.058179 0.058522
0 0.209436 0.442091 0.046680 0.044532
0 0.267617 0.365755 0.049385 0.047075
0 0.420847 0.285601 0.043296 0.044527
0 0.510485 0.333949 0.043972 0.047071
0 0.448922 0.613209 0.053445 0.048347
0 0.389728 0.700360 0.048708 0.044532
0 0.466173 0.730259 0.051414 0.040712
0 0.562914 0.713083 0.063591 0.062337
