0 0.480380 0.442091 0.093357 0.082695
0 0.519618 0.528604 0.078474 0.069972
0 0.461438 0.531784 0.064946 0.063613
0 0.443171 0.751251 0.079829 0.067433
0 0.549384 0.758248 0.064944 0.063613
0 0.694834 0.721990 0.070356 0.072521
0 0.685024 0.478988 0.072388 0.075064
0 0.694834 0.311047 0.060884 0.069972
0 0.706674 0.275422 0.056150 0.064885
0 0.630905 0.124660 0.054797 0.048347
0 0.300427 0.566136 0.054121 0.066157
0 0.264572 0.449089 0.048708 0.043255
0 0.294678 0.397560 0.049385 0.052163
0 0.264911 0.369571 0.054797 0.054706
0 0.202672 0.483439 0.043972 0.058522
0 0.179332 0.439545 0.052766 0.059798
0 0.240219 0.561049 0.051414 0.040712
0 0.341356 0.674915 0.052092 0.057250
0 0.140094 0.526061 0.066296 0.054711
0 0.242587 0.822498 0.053445 0.080156
0 0.195231 0.800232 0.054797 0.061070
0 0.430319 0.823770 0.075769 0.054711
0 0.534163 0.272881 0.056152 0.052163
0 0.890685 0.490436 0.057502 0.069972
0 0.602490 0.400106 0.048032 0.047071
0 0.382963 0.395654 0.071711 0.058526
0 0.344062 0.314865 0.039912 0.047075
0 0.462789 0.628476 0.060886 0.053434
0 0.468541 0.660921 0.064270 0.047075
0 0.602152 0.656467 0.060886 0.055983
0 0.733057 0.538147 0.065620 0.061070
