0 0.652891 0.448450 0.079829 0.077608
0 0.604519 0.365119 0.077798 0.078880
0 0.521647 0.406467 0.064944 0.059793
0 0.435052 0.484075 0.062239 0.057250
0 0.596063 0.665372 0.082537 0.081423
0 0.689083 0.707994 0.069680 0.064885
0 0.700245 0.664738 0.060886 0.067429
0 0.768235 0.555957 0.058857 0.066157
0 0.787178 0.810411 0.049385 0.096690
0 0.731704 0.341582 0.077798 0.092879
0 0.687731 0.098579 0.064270 0.075064
0 0.505072 0.311047 0.066975 0.062342
0 0.482747 0.210539 0.061562 0.052163
0 0.224658 0.394380 0.079829 0.101781
0 0.387698 0.491072 0.039238 0.055983
0 0.686378 0.554050 0.054797 0.057254
0 0.766882 0.425551 0.071035 0.059798
0 0.932290 0.729624 0.041943 0.067429
0 0.900155 0.320590 0.053445 0.055983
0 0.537207 0.251251 0.051416 0.087782
