0 0.683334 0.517789 0.047356 0.134862
0 0.692128 0.633567 0.087947 0.150129
0 0.862947 0.672371 0.072388 0.103053
0 0.657964 0.223262 0.073740 0.069977
0 0.509808 0.503159 0.066975 0.090331
0 0.511161 0.246162 0.062917 0.069972
0 0.562576 0.193363 0.056152 0.061070
0 0.617711 0.095399 0.046003 0.053434
0 0.460424 0.307865 0.080505 0.076336
0 0.400552 0.298960 0.055474 0.066157
0 0.314634 0.216265 0.066299 0.061070
0 0.363682 0.236621 0.057505 0.073792
0 0.474630 0.172371 0.053445 0.052163
0 0.403595 0.120843 0.056150 0.063613
0 0.373153 0.471352 0.068328 0.059793
0 0.371123 0.416644 0.065620 0.062342
0 0.337635 0.639929 0.098772 0.089059
0 0.250704 0.631660 0.077800 0.075064
0 0.273706 0.858758 0.100801 0.139949
0 0.451967 0.854304 0.092004 0.136129
0 0.603168 0.642472 0.095388 0.129775
0 0.793605 0.437638 0.066296 0.055983
0 0.883920 0.493618 0.066975 0.150129
0 0.953262 0.625934 0.058179 0.066157
0 0.929922 0.340946 0.065620 0.068705
0 0.749969 0.176823 0.056150 0.081423
0 0.702614 0.220716 0.071033 0.064885
0 0.896772 0.195271 0.060210 0.064885
0 0.730013 0.529240 0.073064 0.134862
0 0.583887 0.290691 0.052769 0.044532
0 0.225674 0.519699 0.075093 0.075064
0 0.161404 0.430005 0.062915 0.094151
0 0.337297 0.092218 0.049385 0.064885
0 0.860579 0.819318 0.054121 0.165395
0 0.631919 0.908375 0.064946 0.101781
0 0.123181 0.820590 0.056826 0.185753
0 0.429980 0.515246 0.060210 0.117048
0 0.398184 0.576313 0.076445 0.073792
0 0.778722 0.291327 0.047356 0.078880
0 0.809503 0.318682 0.053445 0.059798
