0 0.375859 0.465629 0.073740 0.073792
0 0.282838 0.468809 0.070359 0.069977
0 0.324106 0.550234 0.067651 0.067429
0 0.299751 0.592218 0.069004 0.064885
0 0.464481 0.663464 0.080505 0.072521
0 0.551752 0.665374 0.049387 0.068701
0 0.605195 0.643108 0.049385 0.054711
0 0.644095 0.549596 0.055476 0.073792
0 0.535516 0.476442 0.053445 0.085243
0 0.427612 0.397562 0.069004 0.067429
0 0.448245 0.451632 0.060210 0.048343
0 0.463467 0.505067 0.051416 0.068701
0 0.507778 0.641201 0.048032 0.061070
0 0.368755 0.579495 0.050063 0.059798
0 0.354210 0.337766 0.042620 0.049619
0 0.287236 0.398198 0.045327 0.058526
0 0.333577 0.431912 0.056826 0.054706
0 0.249351 0.312957 0.046680 0.048347
