0 0.553105 0.811685 0.091328 0.282443
0 0.675891 0.748069 0.070356 0.145037
0 0.770941 0.699089 0.092683 0.095422
0 0.793943 0.591582 0.057505 0.063613
0 0.531456 0.519063 0.065623 0.096694
0 0.495602 0.462447 0.057502 0.090331
0 0.578136 0.400742 0.053445 0.083972
0 0.406302 0.743618 0.081858 0.087787
0 0.140094 0.329495 0.090652 0.137401
0 0.112019 0.676823 0.108916 0.109412
0 0.168508 0.759520 0.079829 0.139949
0 0.232100 0.751251 0.071709 0.075064
0 0.227025 0.917918 0.095388 0.097966
0 0.768236 0.782422 0.065623 0.055983
0 0.966792 0.578859 0.064946 0.101777
0 0.914023 0.255069 0.069004 0.059798
0 0.643081 0.506338 0.049385 0.040712
0 0.698217 0.520335 0.052766 0.045803
0 0.371461 0.517792 0.060886 0.081423
0 0.204701 0.546416 0.050740 0.087782
0 0.346769 0.662192 0.042620 0.125955
0 0.250028 0.692727 0.069680 0.085243
0 0.745573 0.945907 0.102830 0.108140
0 0.439113 0.964355 0.060886 0.068701
0 0.595387 0.564229 0.048708 0.085243
0 0.613314 0.727713 0.068328 0.068705
0 0.835210 0.556596 0.057505 0.072521
0 0.711071 0.475806 0.036531 0.061070
