0 0.659993 0.426825 0.089976 0.077608
0 0.671833 0.493618 0.082534 0.081423
0 0.754368 0.426187 0.056826 0.073788
0 0.863961 0.478352 0.075769 0.078880
0 0.903876 0.380386 0.078474 0.071249
0 0.903539 0.250615 0.094036 0.096694
0 0.719865 0.104304 0.062239 0.068701
0 0.674200 0.122117 0.069680 0.071249
0 0.597754 0.124660 0.062915 0.071249
0 0.454672 0.064229 0.058181 0.090331
0 0.485115 0.177459 0.064946 0.103053
0 0.414420 0.307231 0.108918 0.087787
0 0.485792 0.412192 0.074417 0.063613
0 0.510823 0.457994 0.059531 0.043260
0 0.598093 0.396290 0.070356 0.095418
0 0.565958 0.223260 0.065623 0.062342
0 0.561899 0.660921 0.080503 0.075064
0 0.573401 0.516520 0.060210 0.073792
0 0.426935 0.517789 0.060886 0.119591
0 0.387360 0.633567 0.058855 0.104325
0 0.246306 0.783058 0.044648 0.143765
0 0.352518 0.690820 0.074417 0.066157
0 0.685363 0.794509 0.112302 0.118320
0 0.942437 0.702268 0.108242 0.096694
0 0.659994 0.218173 0.062917 0.069972
0 0.858212 0.152016 0.039915 0.090331
0 0.503043 0.318044 0.058855 0.045803
0 0.363682 0.092218 0.048032 0.092874
0 0.439789 0.143108 0.060886 0.069972
0 0.618051 0.926187 0.098093 0.091602
