0 0.931274 0.561683 0.089976 0.103053
0 0.294677 0.671097 0.066975 0.059798
0 0.326473 0.617663 0.050740 0.059798
0 0.353195 0.510794 0.062239 0.059798
0 0.428627 0.564226 0.062917 0.052163
0 0.173920 0.496798 0.058181 0.059793
0 0.505410 0.257610 0.051416 0.077608
0 0.756058 0.454176 0.057502 0.061070
0 0.399536 0.678733 0.057505 0.041983
0 0.295354 0.751887 0.049385 0.066162
0 0.575092 0.529876 0.035178 0.057254
0 0.397507 0.430640 0.061563 0.047075
0 0.393787 0.367027 0.056826 0.052163
0 0.210790 0.773517 0.056150 0.048347
0 0.763162 0.195271 0.050063 0.057254
0 0.506764 0.522879 0.050061 0.081423
