0 0.512853 0.414100 0.044651 0.036896
0 0.702614 0.419190 0.058855 0.052163
0 0.535854 0.282422 0.043296 0.043255
0 0.614668 0.534330 0.064268 0.061065
0 0.554796 0.488528 0.055476 0.058526
0 0.534501 0.566772 0.052766 0.064885
0 0.658302 0.337128 0.056829 0.040712
0 0.747941 0.305957 0.050740 0.044532
0 0.817283 0.351123 0.044648 0.043255
0 0.749293 0.612573 0.042620 0.052163
0 0.771617 0.590946 0.043972 0.044527
0 0.813899 0.628478 0.040591 0.035624
0 0.701599 0.541963 0.056826 0.045799
0 0.649170 0.394380 0.049385 0.048347
