0 0.602828 0.483439 0.075769 0.081423
0 0.458732 0.615755 0.075769 0.086515
0 0.395477 0.727080 0.072385 0.090331
0 0.352858 0.688274 0.071033 0.078880
0 0.324105 0.555960 0.086594 0.096694
0 0.284530 0.626568 0.068328 0.072521
0 0.165802 0.608120 0.051414 0.089059
0 0.131976 0.704812 0.078474 0.073792
0 0.084282 0.512064 0.048032 0.049619
0 0.592003 0.615117 0.060886 0.075064
0 0.462791 0.844764 0.054121 0.068701
0 0.225334 0.796416 0.063594 0.055983
0 0.895758 0.816772 0.058181 0.071249
0 0.847725 0.582674 0.055474 0.066157
0 0.859226 0.388655 0.090654 0.138678
0 0.787178 0.671097 0.060210 0.064885
0 0.753014 0.847307 0.063591 0.066157
0 0.756735 0.902013 0.077800 0.068701
0 0.566296 0.915374 0.082534 0.103053
0 0.583209 0.788781 0.064944 0.066157
0 0.340342 0.311047 0.054121 0.059798
0 0.391418 0.438276 0.056152 0.052163
0 0.125211 0.956086 0.077122 0.075064
0 0.302118 0.851761 0.053445 0.120868
0 0.636992 0.896288 0.056152 0.100510
0 0.475645 0.515246 0.041943 0.053439
0 0.693480 0.431276 0.046003 0.045803
0 0.464819 0.695273 0.055474 0.128499
