0 0.492896 0.516517 0.077798 0.066157
0 0.564944 0.515882 0.071709 0.069972
0 0.594033 0.570590 0.056826 0.047075
0 0.686378 0.523515 0.071033 0.072521
0 0.748279 0.699725 0.054121 0.066162
0 0.731027 0.668554 0.052092 0.059798
0 0.598092 0.783694 0.063591 0.058526
0 0.579489 0.909013 0.062917 0.062342
0 0.498308 0.755705 0.073740 0.063613
0 0.399536 0.788145 0.065620 0.062342
0 0.342372 0.784332 0.059534 0.052163
0 0.283516 0.797691 0.069004 0.050891
0 0.257808 0.679369 0.054121 0.055983
0 0.264911 0.564865 0.049387 0.058526
0 0.246306 0.501251 0.081182 0.068701
0 0.293324 0.481531 0.052092 0.041988
0 0.403257 0.366391 0.051416 0.045803
0 0.466173 0.409013 0.043298 0.041983
0 0.501014 0.384837 0.054797 0.049619
0 0.526721 0.429366 0.057505 0.039440
0 0.528413 0.341582 0.054121 0.059793
0 0.463805 0.340946 0.050740 0.045803
0 0.349475 0.417282 0.052090 0.050891
0 0.328502 0.383567 0.052092 0.059798
0 0.427273 0.569954 0.060210 0.050891
0 0.443848 0.628478 0.058179 0.061070
0 0.512513 0.587128 0.057502 0.049619
0 0.601814 0.435730 0.045327 0.041983
0 0.578474 0.166008 0.051416 0.047075
0 0.350490 0.257610 0.047356 0.052163
0 0.376874 0.294506 0.050061 0.049619
0 0.337297 0.492982 0.049385 0.044532
