0 0.483762 0.466263 0.066299 0.085243
0 0.487483 0.537509 0.045327 0.052163
0 0.516235 0.600487 0.052769 0.073792
0 0.619741 0.412192 0.070356 0.068701
0 0.711071 0.556596 0.059534 0.054706
0 0.760793 0.482803 0.072388 0.059793
0 0.669464 0.424915 0.053445 0.073788
0 0.424567 0.585856 0.056150 0.052163
0 0.328842 0.616389 0.032473 0.077608
0 0.389728 0.519061 0.044651 0.066157
0 0.245631 0.549598 0.035178 0.089059
0 0.779735 0.617663 0.054797 0.041983
0 0.591328 0.537509 0.041943 0.049619
0 0.299075 0.461173 0.036533 0.075064
0 0.627859 0.491708 0.044648 0.059798
0 0.534501 0.516517 0.044651 0.045799
0 0.309222 0.258884 0.036531 0.057254
0 0.608579 0.611938 0.043975 0.043260
