0 0.683334 0.737890 0.059534 0.063613
0 0.759441 0.756977 0.072388 0.081428
0 0.828445 0.860030 0.050737 0.086515
0 0.879183 0.850487 0.041267 0.087787
0 0.748279 0.902652 0.054121 0.057250
0 0.684348 0.865119 0.077798 0.083967
0 0.729674 0.955450 0.053445 0.068705
0 0.624814 0.817408 0.046680 0.059793
0 0.586255 0.905195 0.061563 0.057250
0 0.423552 0.819952 0.058179 0.125955
0 0.522323 0.736621 0.062239 0.055978
0 0.403934 0.718170 0.062239 0.075064
0 0.475306 0.688274 0.050740 0.055978
0 0.264235 0.893108 0.064270 0.083967
0 0.154639 0.834584 0.049385 0.099233
0 0.126226 0.690820 0.065620 0.058526
0 0.192524 0.590310 0.050737 0.048343
0 0.565620 0.683184 0.044648 0.035624
0 0.630566 0.617663 0.040591 0.034353
0 0.567988 0.648196 0.037207 0.036896
0 0.256793 0.812955 0.052092 0.066157
0 0.319708 0.729624 0.035857 0.095418
0 0.970513 0.760792 0.053442 0.061070
0 0.885610 0.510792 0.047354 0.057250
