0 0.704982 0.487893 0.135300 0.138678
0 0.752000 0.391198 0.045327 0.062342
0 0.781089 0.766517 0.065620 0.075064
0 0.514883 0.612573 0.082534 0.100510
0 0.588959 0.737893 0.068328 0.066162
0 0.354888 0.787511 0.075093 0.083967
0 0.301781 0.749979 0.063591 0.082695
0 0.297383 0.918554 0.071035 0.099238
0 0.292986 0.651377 0.067651 0.068705
0 0.205378 0.812955 0.060210 0.091602
0 0.091724 0.792599 0.057505 0.096694
0 0.312943 0.583313 0.053445 0.054706
0 0.594371 0.900106 0.065623 0.067429
0 0.742866 0.945907 0.063594 0.059793
0 0.888993 0.892472 0.058181 0.064890
0 0.502705 0.803414 0.078477 0.080152
0 0.246646 0.470080 0.050737 0.052163
0 0.465159 0.661556 0.045327 0.055978
0 0.211804 0.950996 0.082534 0.069972
0 0.410022 0.880386 0.040591 0.124683
0 0.465497 0.884837 0.044651 0.100510
