0 0.218569 0.463719 0.077124 0.095418
0 0.268970 0.420461 0.064268 0.069977
0 0.357593 0.394380 0.062915 0.076336
0 0.434377 0.247433 0.070356 0.108145
0 0.485453 0.344761 0.053445 0.081423
0 0.523339 0.246162 0.052092 0.064885
0 0.543972 0.323134 0.064946 0.091602
0 0.708026 0.435092 0.069680 0.078880
0 0.612638 0.303414 0.060208 0.082695
0 0.601136 0.369573 0.069680 0.067429
0 0.626844 0.515246 0.064270 0.089059
0 0.400890 0.592218 0.077800 0.080156
0 0.487145 0.648834 0.079827 0.058522
0 0.498984 0.480257 0.061563 0.064885
0 0.313958 0.558503 0.071709 0.083967
0 0.307194 0.655195 0.087947 0.109417
0 0.698894 0.665372 0.054121 0.073792
0 0.863285 0.446543 0.063591 0.058522
0 0.870389 0.321226 0.038562 0.082700
0 0.784133 0.249343 0.073062 0.071249
0 0.784133 0.313593 0.058179 0.054706
0 0.575430 0.131022 0.056152 0.061070
0 0.613652 0.152013 0.052769 0.082695
0 0.633271 0.055957 0.058179 0.063613
0 0.313958 0.167918 0.051416 0.071244
0 0.370785 0.198453 0.051414 0.106869
0 0.415095 0.073770 0.048032 0.068705
0 0.356240 0.765882 0.064268 0.071249
0 0.775339 0.716901 0.083887 0.069972
0 0.927216 0.760792 0.056150 0.165395
0 0.839607 0.505702 0.069004 0.087787
0 0.666421 0.321862 0.050063 0.058526
0 0.685024 0.139927 0.061562 0.055978
0 0.736777 0.075041 0.052769 0.078880
0 0.565621 0.652652 0.060886 0.063613
0 0.206731 0.295145 0.056152 0.083972
0 0.318694 0.245526 0.043296 0.073788
0 0.641729 0.681912 0.077798 0.073788
0 0.688745 0.581403 0.056826 0.068701
0 0.736101 0.755702 0.064946 0.078880
