0 0.483424 0.298962 0.121096 0.132314
0 0.543972 0.319316 0.081182 0.076336
0 0.547017 0.370845 0.079150 0.064885
0 0.570356 0.420461 0.064946 0.077608
0 0.501013 0.457358 0.065620 0.062337
0 0.620757 0.094764 0.087271 0.133586
0 0.893391 0.232803 0.088623 0.091602
0 0.759441 0.445273 0.096743 0.091602
0 0.836901 0.477078 0.073064 0.083972
0 0.835210 0.557867 0.088623 0.105597
0 0.736439 0.790691 0.095388 0.169215
0 0.637330 0.795781 0.112302 0.115776
0 0.754366 0.622753 0.059534 0.087782
0 0.663376 0.447181 0.079150 0.110689
0 0.553442 0.594128 0.064946 0.124683
0 0.484440 0.786876 0.059534 0.082695
0 0.360975 0.769699 0.054797 0.157764
0 0.407993 0.415374 0.073062 0.075064
0 0.345077 0.288781 0.058181 0.139949
0 0.398184 0.164736 0.065620 0.095422
0 0.471924 0.151380 0.076445 0.091602
0 0.757412 0.132929 0.062915 0.059798
0 0.779736 0.175551 0.057505 0.058522
0 0.823710 0.191455 0.068328 0.057254
0 0.734410 0.201632 0.057502 0.069977
0 0.677245 0.237254 0.064944 0.062342
0 0.697539 0.676189 0.067651 0.064885
0 0.645110 0.537511 0.061562 0.067429
0 0.909288 0.794509 0.110950 0.085243
0 0.483086 0.634203 0.051416 0.057250
0 0.467864 0.548324 0.058857 0.053434
0 0.705659 0.293871 0.054121 0.073792
0 0.197598 0.403287 0.071709 0.099238
0 0.254763 0.342218 0.064268 0.061065
0 0.285206 0.235349 0.057502 0.081423
0 0.611962 0.655195 0.072385 0.086515
0 0.264233 0.547688 0.062915 0.052163
0 0.419832 0.564865 0.058857 0.055983
0 0.174258 0.693363 0.062915 0.073788
0 0.208083 0.606848 0.057505 0.068701
0 0.939730 0.381024 0.075769 0.062342
0 0.429979 0.930640 0.043972 0.128499
0 0.263895 0.814229 0.050061 0.124683
