0 0.603505 0.449725 0.089299 0.097961
0 0.631243 0.257612 0.079829 0.113232
0 0.568665 0.082677 0.056152 0.129770
0 0.775339 0.038147 0.079829 0.055983
0 0.844004 0.680005 0.087271 0.090331
0 0.882904 0.762064 0.059534 0.091602
0 0.416450 0.634839 0.102153 0.129770
0 0.316664 0.566772 0.077122 0.080156
0 0.349137 0.622753 0.032473 0.108140
0 0.386007 0.510792 0.068328 0.077608
0 0.602828 0.629114 0.069006 0.141221
0 0.562576 0.569954 0.077798 0.129770
0 0.758088 0.442091 0.085918 0.075064
0 0.733734 0.398831 0.092683 0.103053
0 0.494248 0.090310 0.053442 0.086515
0 0.534501 0.195907 0.054119 0.058526
0 0.412390 0.310413 0.057505 0.076336
0 0.392096 0.077587 0.054797 0.089059
0 0.694496 0.667282 0.080505 0.064885
0 0.716482 0.636747 0.070356 0.080152
0 0.702275 0.529240 0.077124 0.081428
0 0.786163 0.515246 0.070359 0.081428
0 0.936011 0.414736 0.088623 0.083972
0 0.793943 0.275425 0.060210 0.072521
0 0.796649 0.230257 0.069680 0.050891
0 0.716144 0.235347 0.043972 0.086515
0 0.795295 0.109394 0.058857 0.086511
0 0.814576 0.185730 0.051414 0.058522
0 0.897788 0.249979 0.064946 0.057250
0 0.586254 0.910285 0.062917 0.090331
0 0.551752 0.756341 0.062917 0.118320
0 0.422876 0.891837 0.051416 0.094151
0 0.404948 0.818044 0.068328 0.081423
0 0.650184 0.822498 0.073064 0.090331
0 0.709380 0.896290 0.046680 0.146309
0 0.752338 0.770971 0.051414 0.109417
0 0.807135 0.756341 0.075769 0.067429
0 0.527397 0.395652 0.075093 0.076336
0 0.355564 0.230259 0.050737 0.058526
0 0.322751 0.297052 0.040591 0.105601
0 0.461100 0.472626 0.042620 0.113232
