0 0.499659 0.608756 0.068328 0.064885
0 0.522662 0.683820 0.052092 0.057254
0 0.563590 0.735349 0.050061 0.045803
0 0.433700 0.598579 0.074417 0.072521
0 0.596740 0.527971 0.060886 0.050891
0 0.710055 0.674915 0.052092 0.041988
0 0.728660 0.385475 0.043296 0.045799
0 0.491542 0.458629 0.058855 0.059793
0 0.406639 0.515882 0.058181 0.041983
0 0.420509 0.427461 0.057502 0.053434
0 0.400890 0.402016 0.056150 0.048347
0 0.436406 0.351125 0.050063 0.048347
0 0.375859 0.574405 0.060210 0.052163
0 0.764854 0.784330 0.049385 0.041983
0 0.663715 0.609394 0.051414 0.045803
0 0.840623 0.727078 0.048032 0.052163
0 0.807473 0.673007 0.046680 0.053434
0 0.653567 0.433820 0.043296 0.048347
0 0.341696 0.272879 0.048708 0.062342
0 0.349137 0.448453 0.047356 0.047071
0 0.328503 0.361938 0.049385 0.047071
0 0.721556 0.903923 0.050740 0.047075
0 0.618387 0.764610 0.047356 0.045803
0 0.498983 0.357486 0.029089 0.083972
0 0.445878 0.206722 0.047356 0.044527
