0 0.579150 0.615119 0.077124 0.067429
0 0.477673 0.437638 0.063594 0.053439
0 0.507778 0.510158 0.056152 0.063613
0 0.411714 0.367027 0.061563 0.062337
0 0.476997 0.249343 0.063594 0.058522
0 0.529426 0.293237 0.046680 0.044527
0 0.644095 0.649470 0.055476 0.049619
0 0.638345 0.588402 0.050737 0.062342
0 0.547355 0.404559 0.058181 0.058522
0 0.485792 0.551506 0.060886 0.069972
0 0.893053 0.691455 0.048708 0.044527
0 0.737454 0.643108 0.041943 0.047071
0 0.562238 0.511428 0.055476 0.076336
0 0.649170 0.413466 0.045327 0.053434
0 0.677583 0.403287 0.053442 0.053434
0 0.587269 0.357484 0.048708 0.048347
0 0.400552 0.485349 0.055474 0.039440
0 0.296707 0.388657 0.060210 0.097966
0 0.334929 0.342218 0.056826 0.061065
0 0.382625 0.316136 0.062915 0.057250
0 0.220938 0.374024 0.050737 0.071244
0 0.234130 0.318046 0.052766 0.061070
0 0.422539 0.613209 0.061562 0.055978
0 0.479365 0.185730 0.048032 0.043260
