0 0.514205 0.514610 0.083889 0.085243
0 0.635977 0.643108 0.067651 0.080156
0 0.701937 0.484711 0.072385 0.081423
0 0.761809 0.555957 0.054121 0.063613
0 0.834534 0.561683 0.071035 0.075064
0 0.809503 0.417282 0.052092 0.076336
0 0.768235 0.374660 0.045327 0.064885
0 0.733733 0.674279 0.049385 0.045803
0 0.404272 0.443999 0.072388 0.081423
0 0.363005 0.539417 0.057505 0.076336
0 0.322076 0.384203 0.071711 0.094146
0 0.678259 0.145016 0.035854 0.066157
0 0.646802 0.097943 0.039238 0.068705
0 0.681304 0.079495 0.036533 0.067429
0 0.654243 0.498069 0.055474 0.054706
0 0.642742 0.356212 0.055474 0.055978
0 0.722909 0.274789 0.049387 0.045803
0 0.778384 0.297688 0.060210 0.055983
0 0.221952 0.222624 0.052766 0.063613
0 0.134681 0.505702 0.047356 0.059798
0 0.533148 0.247436 0.046003 0.049619
0 0.854490 0.261428 0.041943 0.062342
