0 0.667773 0.809139 0.081182 0.081428
0 0.449598 0.768427 0.072385 0.114504
0 0.339327 0.788783 0.077800 0.081423
0 0.348799 0.674279 0.050737 0.066162
0 0.284191 0.898198 0.074417 0.061070
0 0.109989 0.863845 0.066975 0.063613
0 0.894066 0.744254 0.057502 0.066157
0 0.953938 0.838402 0.043296 0.106869
0 0.856520 0.839674 0.062239 0.058522
0 0.585916 0.883567 0.081182 0.082700
0 0.494586 0.899470 0.051414 0.063613
0 0.435392 0.833313 0.064270 0.081428
0 0.204025 0.581405 0.039915 0.048347
0 0.809502 0.506977 0.048032 0.047075
0 0.942098 0.942091 0.068328 0.059793
0 0.683671 0.957996 0.054797 0.066157
0 0.857874 0.935092 0.054121 0.081423
0 0.504058 0.675551 0.050063 0.068705
0 0.248336 0.804050 0.046003 0.061065
0 0.537545 0.802778 0.046677 0.055978
