0 0.546678 0.584584 0.074417 0.085239
0 0.598770 0.485349 0.069004 0.062342
0 0.672172 0.666646 0.068328 0.068701
0 0.288588 0.552778 0.081858 0.077612
0 0.215863 0.497433 0.062239 0.073792
0 0.167493 0.460539 0.062915 0.091602
0 0.650522 0.356850 0.052090 0.067429
0 0.605197 0.329495 0.054797 0.066162
0 0.649170 0.269697 0.050737 0.050891
0 0.893052 0.628478 0.051416 0.058526
0 0.874448 0.447179 0.058857 0.057250
0 0.799694 0.262066 0.052766 0.058522
0 0.718512 0.197179 0.048708 0.063613
0 0.518264 0.075677 0.032471 0.054706
0 0.495601 0.064865 0.035854 0.058526
0 0.315649 0.867663 0.052090 0.050891
0 0.659656 0.523515 0.056826 0.069977
0 0.694158 0.484711 0.051416 0.055978
0 0.784811 0.574408 0.048708 0.064885
0 0.601814 0.220719 0.030444 0.052163
