0 0.499661 0.598579 0.050737 0.080152
0 0.521309 0.526061 0.060210 0.067429
0 0.497631 0.419190 0.072385 0.080152
0 0.214510 0.305324 0.064944 0.063613
0 0.286559 0.558503 0.066975 0.068705
0 0.400551 0.469444 0.048708 0.083967
0 0.437084 0.461811 0.048708 0.068701
0 0.624476 0.617663 0.051414 0.059798
0 0.592343 0.365119 0.050740 0.055978
0 0.695172 0.448453 0.056150 0.062342
0 0.730012 0.438912 0.050063 0.053434
0 0.650183 0.494254 0.054121 0.052163
0 0.245968 0.382293 0.058855 0.047075
0 0.269308 0.297691 0.050061 0.050891
0 0.260852 0.336492 0.048032 0.041983
0 0.366726 0.543235 0.039238 0.063613
0 0.326473 0.513338 0.042620 0.057254
0 0.289603 0.438276 0.058181 0.052163
