0 0.707012 0.448453 0.044648 0.034353
0 0.677245 0.562319 0.047356 0.055978
0 0.682319 0.526061 0.049385 0.044527
0 0.599446 0.468806 0.050063 0.036896
0 0.643757 0.339038 0.050737 0.049619
0 0.419832 0.434458 0.043975 0.044527
0 0.443173 0.461811 0.047356 0.045799
0 0.572723 0.694635 0.042620 0.048343
0 0.578812 0.334584 0.043972 0.048343
0 0.574077 0.295145 0.050737 0.048343
0 0.591665 0.246798 0.046680 0.038168
0 0.565958 0.583946 0.056150 0.066157
0 0.496616 0.412192 0.054121 0.043255
0 0.544648 0.430640 0.052769 0.049619
0 0.486807 0.311685 0.048032 0.048347
0 0.507440 0.543237 0.055476 0.053434
