0 0.558517 0.360030 0.092683 0.099233
0 0.652552 0.123388 0.071033 0.066162
0 0.686039 0.199722 0.071711 0.063613
0 0.871742 0.136111 0.089978 0.086511
0 0.678936 0.296416 0.064268 0.066157
0 0.736101 0.354304 0.077124 0.092879
0 0.805782 0.235349 0.071711 0.053434
0 0.582533 0.186366 0.069006 0.100510
0 0.636316 0.191455 0.057505 0.057254
0 0.460760 0.216263 0.085242 0.078880
0 0.409685 0.410282 0.100801 0.100510
0 0.426935 0.544506 0.090652 0.089059
0 0.565620 0.581403 0.125830 0.137406
0 0.580165 0.475806 0.091331 0.086515
0 0.652213 0.463083 0.074417 0.089059
0 0.789207 0.699089 0.087271 0.072521
0 0.812209 0.848581 0.100801 0.178118
0 0.723247 0.842218 0.097417 0.078880
0 0.629211 0.732803 0.082534 0.063613
0 0.552766 0.806596 0.106890 0.114504
0 0.790898 0.632296 0.081182 0.081423
0 0.817283 0.512064 0.081182 0.075064
0 0.880198 0.490436 0.070356 0.067429
0 0.907598 0.377206 0.087271 0.082695
0 0.963748 0.349851 0.072388 0.137406
0 0.938040 0.215629 0.057505 0.064885
0 0.445878 0.641201 0.060886 0.081428
0 0.502028 0.129114 0.048708 0.097961
0 0.418141 0.888657 0.093357 0.100510
0 0.324445 0.786876 0.108918 0.105597
0 0.409346 0.720080 0.069004 0.066157
0 0.350828 0.244888 0.066973 0.103053
0 0.249689 0.338400 0.071711 0.063613
