0 0.376536 0.634201 0.062915 0.062342
0 0.431671 0.440817 0.066296 0.062342
0 0.202333 0.402652 0.071711 0.080152
0 0.314634 0.482167 0.064946 0.061065
0 0.274381 0.487257 0.041267 0.099233
0 0.262881 0.542601 0.050737 0.054706
0 0.260513 0.606212 0.056826 0.057254
0 0.167832 0.318044 0.055474 0.058522
0 0.532134 0.466901 0.046680 0.058522
0 0.643757 0.286873 0.049385 0.041983
0 0.502028 0.564229 0.062239 0.064885
0 0.400552 0.716263 0.037886 0.071249
0 0.180685 0.462447 0.060886 0.067429
0 0.139418 0.428097 0.048708 0.049619
