0 0.670142 0.204814 0.077798 0.106873
0 0.576106 0.140565 0.052090 0.069972
0 0.592343 0.321224 0.064270 0.075064
0 0.574415 0.265882 0.062239 0.061065
0 0.483763 0.269699 0.047356 0.124679
0 0.438435 0.266517 0.054121 0.108140
0 0.569341 0.776061 0.064268 0.122140
0 0.665067 0.491710 0.056829 0.097966
0 0.744896 0.484075 0.073064 0.080152
0 0.804768 0.370843 0.060210 0.105597
0 0.844004 0.329495 0.060210 0.073792
0 0.904215 0.268425 0.065623 0.076336
0 0.941423 0.174915 0.046680 0.077608
0 0.697878 0.304688 0.046680 0.090331
0 0.460084 0.739800 0.052766 0.108140
0 0.453319 0.488528 0.064944 0.068701
0 0.802400 0.592854 0.081182 0.086515
0 0.237173 0.367027 0.061562 0.062337
0 0.170537 0.475170 0.052769 0.090331
0 0.800370 0.776697 0.073064 0.077608
0 0.796311 0.894380 0.066299 0.071249
0 0.511499 0.872114 0.069004 0.075064
0 0.217217 0.626570 0.067651 0.062342
