0 0.443848 0.064226 0.081182 0.100510
0 0.514543 0.073770 0.064268 0.081423
0 0.704644 0.358758 0.064268 0.091602
0 0.652552 0.342854 0.056150 0.095422
0 0.527736 0.292599 0.054119 0.096694
0 0.506086 0.377204 0.067651 0.062342
0 0.441481 0.283694 0.043972 0.094146
0 0.419832 0.180640 0.064268 0.066157
0 0.265587 0.412192 0.087268 0.078884
0 0.382285 0.443999 0.069004 0.061065
0 0.474629 0.629114 0.061562 0.105601
0 0.472262 0.745526 0.089299 0.081428
0 0.575768 0.682551 0.067649 0.077608
0 0.678597 0.502523 0.051414 0.114504
0 0.779060 0.526697 0.075093 0.083972
0 0.842991 0.548960 0.067651 0.057250
0 0.807811 0.122114 0.060886 0.066157
0 0.766544 0.169826 0.064944 0.062342
0 0.651537 0.153287 0.051414 0.059798
0 0.542957 0.183184 0.058857 0.045799
0 0.635977 0.788783 0.069004 0.058522
0 0.539913 0.580767 0.071711 0.067429
0 0.303134 0.495526 0.044651 0.113228
0 0.255439 0.257612 0.056152 0.054711
0 0.300767 0.110666 0.045327 0.068705
0 0.772633 0.618299 0.059534 0.066157
0 0.851108 0.277968 0.056826 0.062337
0 0.770603 0.313593 0.066299 0.069977
0 0.749631 0.030512 0.054121 0.058526
0 0.529426 0.028604 0.073740 0.044527
0 0.472600 0.529876 0.065620 0.087787
0 0.607225 0.397562 0.066975 0.080156
0 0.762823 0.406467 0.058855 0.075064
0 0.455010 0.436366 0.073740 0.089059
