0 0.570693 0.658377 0.088623 0.133586
0 0.462114 0.725170 0.071709 0.119596
0 0.614330 0.812957 0.073064 0.073792
0 0.531794 0.881022 0.083887 0.075064
0 0.438774 0.906467 0.052090 0.059793
0 0.435730 0.816136 0.060884 0.067433
0 0.297721 0.905195 0.075769 0.067433
0 0.300090 0.819954 0.075093 0.095418
0 0.300765 0.704178 0.052092 0.067429
0 0.807813 0.819318 0.067651 0.066157
0 0.738807 0.789419 0.052766 0.080152
0 0.906921 0.752523 0.046680 0.100510
0 0.664391 0.822498 0.050061 0.110689
0 0.633949 0.957994 0.062239 0.055978
0 0.625830 0.885475 0.063594 0.063613
0 0.900831 0.909649 0.069680 0.071244
0 0.062971 0.928097 0.056826 0.105597
0 0.143138 0.907739 0.050740 0.052163
0 0.166478 0.954812 0.056829 0.090331
0 0.762823 0.474534 0.050740 0.061070
0 0.350828 0.794506 0.058857 0.054706
0 0.846710 0.928097 0.054797 0.057250
0 0.797664 0.901380 0.040591 0.097966
