0 0.734072 0.302140 0.082534 0.115776
0 0.699570 0.204178 0.052769 0.138678
0 0.644434 0.270335 0.065620 0.080156
0 0.618387 0.335859 0.060886 0.101781
0 0.858550 0.054688 0.085239 0.076336
0 0.882566 0.096671 0.066973 0.071249
0 0.688746 0.685730 0.142068 0.132314
0 0.288927 0.597307 0.058181 0.085239
0 0.358608 0.370207 0.066299 0.073792
0 0.370107 0.292599 0.054121 0.081423
0 0.436746 0.325041 0.087271 0.092874
0 0.465497 0.255702 0.070359 0.073792
0 0.301105 0.123388 0.050061 0.068705
0 0.869375 0.490436 0.082534 0.087787
0 0.851108 0.430005 0.109595 0.096694
0 0.891361 0.324405 0.054797 0.086515
0 0.727983 0.495526 0.082534 0.097966
0 0.491205 0.625932 0.060886 0.083967
0 0.466173 0.524789 0.071711 0.062342
0 0.155654 0.316775 0.058179 0.063613
0 0.450951 0.094764 0.052092 0.077608
0 0.290619 0.910285 0.052092 0.085243
0 0.913009 0.944635 0.106213 0.087782
0 0.597754 0.568680 0.087271 0.094146
0 0.527396 0.318680 0.054797 0.105597
0 0.576106 0.112576 0.049385 0.092874
0 0.605873 0.206722 0.058855 0.054711
0 0.814238 0.690184 0.091328 0.090331
