0 0.607227 0.652652 0.048032 0.038168
0 0.432347 0.578223 0.056829 0.059798
0 0.393787 0.611302 0.066299 0.057250
0 0.344062 0.646924 0.052090 0.041983
0 0.309561 0.369573 0.034502 0.087787
0 0.367063 0.378478 0.046680 0.067433
0 0.421522 0.478985 0.047356 0.039440
0 0.798003 0.714991 0.046680 0.050891
0 0.839270 0.742982 0.048032 0.055983
0 0.080900 0.538783 0.050740 0.067429
0 0.341694 0.587764 0.041943 0.050891
0 0.489175 0.443999 0.044648 0.040716
0 0.443171 0.448453 0.044648 0.047071
0 0.723247 0.760794 0.041943 0.048347
0 0.545664 0.299598 0.048032 0.047075
0 0.611624 0.536873 0.041943 0.050891
0 0.536191 0.568682 0.045327 0.053434
0 0.204025 0.237257 0.052092 0.054706
