0 0.565282 0.386747 0.075095 0.071244
0 0.598093 0.449725 0.052769 0.057254
0 0.622109 0.585220 0.046680 0.061065
0 0.750984 0.771609 0.083887 0.077608
0 0.839945 0.741074 0.053445 0.059798
0 0.788530 0.555960 0.061563 0.076336
0 0.837916 0.531786 0.064270 0.068705
0 0.888315 0.668554 0.054121 0.052167
0 0.894744 0.446543 0.049385 0.055978
0 0.723923 0.284330 0.055474 0.047071
0 0.767559 0.407103 0.060210 0.055978
0 0.426598 0.290055 0.042620 0.053434
0 0.453995 0.291329 0.047356 0.063613
0 0.518942 0.347943 0.047356 0.054711
0 0.496278 0.562957 0.056150 0.064885
0 0.322753 0.571226 0.047356 0.068705
0 0.222290 0.633567 0.045327 0.078880
0 0.452643 0.147562 0.032473 0.045803
0 0.666759 0.199722 0.045325 0.063613
0 0.509808 0.454812 0.050740 0.062342
0 0.059250 0.512066 0.048032 0.064885
0 0.266265 0.510156 0.046680 0.053434
0 0.926539 0.334582 0.046677 0.050891
0 0.833519 0.233439 0.043298 0.072516
