0 0.575768 0.231531 0.056829 0.086515
0 0.433024 0.230257 0.063591 0.104325
0 0.454673 0.192727 0.056826 0.082700
0 0.309222 0.506977 0.086594 0.080152
0 0.344739 0.430005 0.048032 0.081423
0 0.404272 0.388019 0.052090 0.061070
0 0.737115 0.656469 0.064270 0.076336
0 0.753691 0.368937 0.067651 0.063613
0 0.711747 0.158375 0.062239 0.062342
0 0.797665 0.226442 0.062239 0.061065
0 0.418479 0.516517 0.061563 0.061070
0 0.603168 0.473262 0.054797 0.066157
0 0.291294 0.695909 0.075093 0.078880
0 0.293325 0.621481 0.073740 0.105597
0 0.122167 0.620209 0.079153 0.097966
0 0.206731 0.527332 0.064268 0.067429
0 0.214172 0.571224 0.061563 0.063613
0 0.553442 0.794509 0.070356 0.064885
0 0.469556 0.655195 0.073062 0.066157
0 0.518265 0.738528 0.060886 0.062337
0 0.485453 0.367027 0.053445 0.059793
0 0.381947 0.146926 0.054797 0.100510
0 0.486469 0.146924 0.051414 0.059798
0 0.475305 0.172369 0.048032 0.067429
0 0.709379 0.482167 0.065623 0.086511
0 0.601476 0.370209 0.046003 0.091602
0 0.759779 0.879114 0.070359 0.073792
0 0.695172 0.704814 0.065623 0.083972
0 0.790560 0.534330 0.038562 0.096694
0 0.898464 0.399470 0.056826 0.058526
0 0.497631 0.896926 0.083210 0.066157
0 0.439789 0.800234 0.047356 0.096694
0 0.403257 0.666008 0.071709 0.077608
