0 0.502704 0.272245 0.060886 0.076336
0 0.459746 0.348579 0.048032 0.071244
0 0.376536 0.464355 0.050737 0.068701
0 0.310575 0.464355 0.059534 0.058526
0 0.136711 0.472624 0.052769 0.049619
0 0.198274 0.360666 0.044648 0.041983
0 0.214849 0.481529 0.034502 0.062342
0 0.464143 0.434456 0.037886 0.052163
0 0.402919 0.230893 0.041267 0.052163
0 0.306516 0.220080 0.048711 0.048343
0 0.246644 0.341582 0.030442 0.052163
0 0.304825 0.152652 0.041267 0.033081
0 0.104916 0.154557 0.044651 0.052163
0 0.197936 0.292601 0.045325 0.040712
0 0.663376 0.561047 0.046680 0.050891
