0 0.533148 0.466265 0.062239 0.080152
0 0.437422 0.546416 0.075093 0.082695
0 0.472262 0.592218 0.064944 0.095418
0 0.543296 0.637385 0.052769 0.089059
0 0.776016 0.777968 0.097417 0.131042
0 0.794281 0.666646 0.063591 0.068701
0 0.850432 0.638655 0.071709 0.081423
0 0.941760 0.295781 0.070356 0.080156
0 0.658979 0.555957 0.055474 0.068701
0 0.619064 0.793871 0.075769 0.076336
0 0.687731 0.709265 0.060208 0.062342
0 0.131975 0.650742 0.108242 0.100510
0 0.184067 0.732803 0.066299 0.083972
0 0.104916 0.845399 0.085242 0.141221
0 0.160389 0.952268 0.092004 0.085243
0 0.323767 0.566139 0.060210 0.076336
0 0.400551 0.496798 0.046003 0.075064
0 0.624478 0.676187 0.043296 0.125955
0 0.632257 0.413464 0.043972 0.081428
0 0.667097 0.228985 0.132598 0.201019
0 0.426597 0.784966 0.075093 0.073788
0 0.466849 0.833313 0.064944 0.068701
0 0.166478 0.574405 0.051414 0.085239
