0 0.449937 0.779878 0.064946 0.117048
0 0.507440 0.670461 0.047356 0.061070
0 0.388374 0.742982 0.062241 0.083972
0 0.284868 0.874660 0.069004 0.064885
0 0.182715 0.828859 0.066299 0.062337
0 0.268293 0.793237 0.049385 0.062342
0 0.153625 0.700360 0.055474 0.059793
0 0.213834 0.570590 0.048708 0.049619
0 0.729336 0.768425 0.083887 0.073792
0 0.814576 0.836494 0.050061 0.077608
0 0.628198 0.912192 0.073740 0.150124
0 0.545663 0.895016 0.056150 0.057250
0 0.910980 0.831403 0.056150 0.052163
0 0.943790 0.746798 0.056829 0.068701
0 0.851785 0.644380 0.040591 0.054711
0 0.861256 0.496798 0.050061 0.052163
0 0.337975 0.936366 0.053445 0.045799
0 0.658978 0.621478 0.047356 0.041983
0 0.586592 0.637383 0.037886 0.053434
0 0.721218 0.888021 0.056826 0.053434
0 0.707012 0.937002 0.052769 0.062342
