0 0.411376 0.532422 0.077122 0.075064
0 0.471584 0.585856 0.066299 0.069977
0 0.518264 0.609394 0.046001 0.053434
0 0.523677 0.498708 0.071709 0.068701
0 0.596740 0.526061 0.073064 0.069972
0 0.593696 0.578223 0.048032 0.052167
0 0.465835 0.811683 0.060210 0.058526
0 0.512853 0.910282 0.071711 0.052163
0 0.328503 0.780512 0.062915 0.057250
0 0.183391 0.519699 0.070356 0.075064
0 0.226350 0.510794 0.060210 0.059798
0 0.285544 0.457358 0.050063 0.059793
0 0.360975 0.582677 0.057502 0.050891
0 0.372476 0.638657 0.057505 0.061070
0 0.688069 0.667918 0.060884 0.055983
0 0.569003 0.330769 0.051414 0.038168
0 0.443511 0.384203 0.046680 0.071244
0 0.463805 0.431276 0.045325 0.040716
0 0.445201 0.657739 0.048708 0.055983
0 0.301443 0.721990 0.064268 0.077608
0 0.206055 0.695907 0.048032 0.045799
0 0.284192 0.257612 0.055474 0.067429
0 0.561223 0.424915 0.049385 0.043255
0 0.483762 0.717534 0.051416 0.048347
0 0.305164 0.540691 0.043296 0.061070
