0 0.720204 0.181912 0.108918 0.091602
0 0.787516 0.400744 0.075769 0.078880
0 0.900494 0.617027 0.101477 0.096690
0 0.616021 0.520971 0.091328 0.103053
0 0.495940 0.478352 0.082534 0.101781
0 0.433362 0.395652 0.100801 0.106869
0 0.518265 0.239164 0.075769 0.068705
0 0.431671 0.304688 0.086594 0.164123
0 0.482748 0.626570 0.092683 0.095418
0 0.647140 0.670464 0.073738 0.073792
0 0.723923 0.777332 0.079829 0.119596
0 0.758088 0.597943 0.077798 0.068705
0 0.696863 0.484711 0.079829 0.101781
0 0.763839 0.502523 0.047356 0.111961
0 0.679274 0.377842 0.058181 0.068705
0 0.199628 0.826313 0.090652 0.062342
0 0.231761 0.480257 0.072385 0.059798
0 0.226687 0.529876 0.069004 0.064885
0 0.260514 0.636747 0.063591 0.087782
0 0.197260 0.599215 0.072385 0.076336
0 0.178994 0.182548 0.065620 0.067429
0 0.307531 0.408375 0.053445 0.083967
0 0.330870 0.559139 0.056829 0.057250
0 0.370785 0.699722 0.070359 0.063613
0 0.421862 0.085856 0.056150 0.049619
0 0.286221 0.204814 0.066299 0.066157
0 0.126226 0.345397 0.056152 0.080152
0 0.163096 0.915374 0.082534 0.100510
0 0.291294 0.915374 0.087271 0.075064
0 0.508116 0.757612 0.078474 0.072516
0 0.551075 0.802142 0.066975 0.072521
0 0.891023 0.859394 0.083887 0.097961
0 0.952585 0.839672 0.067651 0.089059
0 0.888655 0.435730 0.064268 0.062342
0 0.896096 0.398198 0.069683 0.066157
0 0.630227 0.295781 0.043975 0.069972
0 0.402920 0.329495 0.048032 0.053434
0 0.269985 0.379750 0.052769 0.080152
0 0.106945 0.699725 0.075769 0.055978
0 0.194215 0.096671 0.050061 0.043260
0 0.139080 0.111938 0.053442 0.076336
0 0.457378 0.173007 0.044648 0.050891
0 0.681304 0.628478 0.052769 0.058526
0 0.744558 0.681912 0.071035 0.071244
0 0.784133 0.785601 0.066299 0.120863
0 0.324443 0.771607 0.065620 0.062342
0 0.156331 0.497433 0.044648 0.129770
0 0.280808 0.132293 0.055474 0.068701
0 0.548031 0.300232 0.048708 0.061070
