0 0.455011 0.311047 0.080505 0.113232
0 0.647140 0.719444 0.152214 0.273535
0 0.859565 0.858120 0.130566 0.148857
0 0.648494 0.935730 0.154922 0.115776
0 0.784133 0.930002 0.108242 0.089059
0 0.608241 0.555957 0.078474 0.083972
0 0.637330 0.372753 0.086594 0.099233
0 0.725616 0.309775 0.081858 0.118320
0 0.697878 0.233441 0.065620 0.052163
0 0.705658 0.182548 0.075769 0.069972
0 0.574076 0.193363 0.053445 0.066157
0 0.555472 0.252525 0.060886 0.064885
0 0.481057 0.503161 0.082534 0.077608
0 0.449260 0.819954 0.129893 0.110689
0 0.289603 0.396926 0.066296 0.058526
0 0.345077 0.290055 0.058181 0.071249
0 0.467189 0.129750 0.068328 0.086515
0 0.414082 0.123388 0.054121 0.096694
0 0.929922 0.201632 0.066973 0.067433
0 0.902185 0.389293 0.069683 0.081423
0 0.967836 0.381022 0.064329 0.067433
0 0.771281 0.414736 0.059534 0.061070
0 0.808149 0.386111 0.060210 0.100505
0 0.640375 0.069952 0.054797 0.061070
0 0.372814 0.603669 0.075769 0.080156
0 0.343385 0.534332 0.081858 0.063613
0 0.333239 0.847307 0.098093 0.137406
0 0.148889 0.682548 0.059531 0.082700
0 0.914701 0.646924 0.087947 0.087787
0 0.434039 0.657739 0.068328 0.061070
0 0.567311 0.404559 0.068328 0.055978
0 0.556149 0.341582 0.058181 0.064890
0 0.545663 0.106848 0.056150 0.058526
0 0.747939 0.711809 0.088623 0.087787
0 0.721556 0.641201 0.092683 0.086515
0 0.756735 0.607484 0.058855 0.120863
