0 0.598431 0.496798 0.068328 0.082695
0 0.641729 0.660285 0.062915 0.078880
0 0.436068 0.276697 0.077800 0.080152
0 0.479703 0.210539 0.051414 0.057250
0 0.341357 0.141837 0.061563 0.062342
0 0.416111 0.655831 0.058179 0.082700
0 0.470570 0.584584 0.057502 0.059793
0 0.491204 0.515882 0.058179 0.057254
0 0.536868 0.440820 0.048032 0.054706
0 0.657626 0.276697 0.051414 0.044532
0 0.716144 0.377204 0.045325 0.067429
0 0.756058 0.388655 0.058855 0.085243
0 0.818975 0.403923 0.058857 0.067433
0 0.731704 0.457994 0.056152 0.073792
0 0.644434 0.466901 0.064268 0.058522
0 0.617711 0.743616 0.086594 0.105597
0 0.371799 0.821862 0.073740 0.063613
0 0.455348 0.764610 0.074417 0.053434
0 0.637330 0.952906 0.071711 0.073792
0 0.725953 0.739800 0.064944 0.087782
0 0.316664 0.587128 0.050061 0.059793
0 0.543295 0.263974 0.050061 0.054706
0 0.536869 0.190184 0.058855 0.062342
