0 0.425582 0.475806 0.067649 0.073788
0 0.481394 0.445271 0.071035 0.068705
0 0.521310 0.375296 0.054797 0.063613
0 0.556149 0.436366 0.050061 0.058526
0 0.579827 0.623388 0.056826 0.063609
0 0.643418 0.393108 0.054121 0.076336
0 0.621095 0.287511 0.060886 0.058522
0 0.586930 0.248072 0.043972 0.053434
0 0.474292 0.284330 0.055474 0.067429
0 0.466173 0.317408 0.056829 0.044532
0 0.884258 0.649470 0.069004 0.133586
0 0.948525 0.770971 0.070356 0.086515
0 0.961041 0.700996 0.052092 0.061065
0 0.793267 0.523517 0.045327 0.062342
0 0.742528 0.565500 0.054797 0.080156
0 0.739484 0.475803 0.044651 0.050891
0 0.762146 0.303414 0.062915 0.052163
0 0.775677 0.347305 0.057502 0.050891
0 0.806797 0.379114 0.053442 0.058522
0 0.878845 0.488528 0.044648 0.086515
0 0.969159 0.641834 0.043972 0.052163
0 0.214849 0.471988 0.043975 0.058522
0 0.095106 0.525425 0.048035 0.058526
0 0.398860 0.226444 0.048032 0.038168
0 0.704982 0.388019 0.047356 0.061070
