0 0.552090 0.352397 0.048711 0.076336
0 0.481056 0.417280 0.047356 0.089059
0 0.489851 0.484713 0.056826 0.066157
0 0.756058 0.788147 0.057502 0.054706
0 0.694496 0.776697 0.057502 0.054706
0 0.442157 0.742980 0.043972 0.048347
0 0.492896 0.851125 0.043975 0.048347
0 0.325459 0.482167 0.037886 0.068705
0 0.720203 0.645016 0.048032 0.066157
0 0.322753 0.169826 0.052766 0.039440
0 0.760793 0.581405 0.046680 0.078880
0 0.244277 0.716265 0.043296 0.043255
0 0.484438 0.707994 0.044648 0.044527
0 0.297045 0.744890 0.035178 0.090331
