0 0.227026 0.657739 0.057505 0.058526
0 0.186774 0.590308 0.051414 0.050891
0 0.365712 0.428730 0.042620 0.043255
0 0.602152 0.774789 0.064944 0.081423
0 0.443849 0.856850 0.063591 0.115776
0 0.352520 0.672371 0.051416 0.044532
0 0.360975 0.619571 0.052092 0.045799
0 0.370784 0.566775 0.054121 0.052163
0 0.285883 0.782420 0.049387 0.053434
0 0.320046 0.336492 0.044648 0.047071
0 0.353196 0.769063 0.052769 0.044527
0 0.397845 0.690181 0.047356 0.044532
0 0.760117 0.691455 0.069683 0.062342
0 0.897450 0.586492 0.053445 0.083967
0 0.960703 0.606214 0.047354 0.077608
0 0.625154 0.500615 0.056826 0.059798
0 0.467864 0.361938 0.048032 0.039440
0 0.616359 0.302778 0.047356 0.053434
0 0.481732 0.694635 0.050061 0.053439
0 0.807135 0.533058 0.055476 0.061065
0 0.054515 0.656467 0.049387 0.048343
0 0.109652 0.613845 0.046003 0.052163
0 0.443849 0.493618 0.048708 0.048347
0 0.687054 0.258248 0.041267 0.055983
