0 0.591665 0.325041 0.062915 0.069972
0 0.680966 0.400108 0.084563 0.075064
0 0.764515 0.473260 0.074417 0.073792
0 0.805444 0.346671 0.075093 0.082700
0 0.554458 0.520335 0.065620 0.061065
0 0.580842 0.437002 0.058857 0.059798
0 0.689084 0.671736 0.076445 0.073792
0 0.817621 0.561049 0.057502 0.063613
0 0.863623 0.478349 0.050737 0.086515
0 0.347107 0.432551 0.090654 0.117048
0 0.465834 0.510158 0.054797 0.063613
0 0.565958 0.251251 0.064270 0.067433
0 0.894744 0.765246 0.046680 0.092879
0 0.718512 0.515246 0.056829 0.058526
0 0.753690 0.557867 0.051414 0.052163
0 0.779060 0.691455 0.045327 0.057254
0 0.625154 0.121481 0.054121 0.054706
0 0.651537 0.313593 0.047356 0.077608
