0 0.312943 0.868935 0.084563 0.099238
0 0.204701 0.893108 0.056150 0.066162
0 0.157684 0.917282 0.087947 0.073792
0 0.435730 0.576951 0.056826 0.062342
0 0.500675 0.620207 0.051414 0.044527
0 0.567312 0.566775 0.057505 0.049619
0 0.566635 0.503159 0.054797 0.057254
0 0.598431 0.480259 0.052092 0.052163
0 0.652213 0.661556 0.073064 0.086511
0 0.684686 0.608758 0.056829 0.080152
0 0.737792 0.646290 0.069680 0.073792
0 0.590989 0.227713 0.045327 0.050891
0 0.762823 0.470716 0.052092 0.050891
0 0.695173 0.399470 0.061563 0.058526
0 0.197260 0.471988 0.060208 0.053434
0 0.164788 0.368937 0.045327 0.040712
0 0.049780 0.668554 0.050737 0.057254
0 0.183729 0.606848 0.050740 0.045799
0 0.423890 0.369571 0.052092 0.057250
0 0.512853 0.340946 0.059534 0.045803
0 0.870726 0.710537 0.062239 0.067429
0 0.864301 0.599853 0.050740 0.039440
0 0.814578 0.617027 0.054121 0.063613
0 0.759779 0.375298 0.054119 0.053434
0 0.822019 0.390562 0.052769 0.040712
0 0.417463 0.510794 0.043296 0.039440
0 0.216879 0.727713 0.054797 0.045803
0 0.159713 0.696543 0.052766 0.044527
0 0.350828 0.253159 0.038560 0.043260
0 0.604520 0.674279 0.052092 0.050891
