0 0.439113 0.471352 0.102830 0.120868
0 0.529088 0.326315 0.078474 0.103053
0 0.792251 0.309775 0.109595 0.123407
0 0.905228 0.688910 0.101477 0.105597
0 0.731704 0.806596 0.062915 0.114504
0 0.724601 0.684456 0.064944 0.117048
0 0.675215 0.659013 0.063594 0.127227
0 0.668450 0.567408 0.083887 0.094146
0 0.770265 0.464991 0.068328 0.090331
0 0.708026 0.437002 0.060208 0.057254
0 0.658641 0.348579 0.052092 0.066157
0 0.607563 0.443999 0.051416 0.061065
0 0.619065 0.510792 0.066299 0.069977
0 0.474292 0.756977 0.067651 0.071244
0 0.314634 0.565500 0.066299 0.064885
0 0.419833 0.575041 0.094036 0.231552
0 0.630905 0.767792 0.083210 0.118320
0 0.734747 0.949089 0.102830 0.096690
0 0.604520 0.561047 0.069680 0.073792
0 0.443849 0.169190 0.059534 0.058526
0 0.432686 0.080767 0.064268 0.057254
0 0.270660 0.441455 0.063591 0.101781
0 0.367064 0.331405 0.045325 0.062342
0 0.238865 0.199725 0.058179 0.071249
0 0.226012 0.360030 0.062239 0.073788
0 0.198951 0.479624 0.073064 0.073792
0 0.208760 0.629750 0.073740 0.066157
0 0.172566 0.651377 0.081182 0.068705
0 0.174596 0.854304 0.087947 0.085239
0 0.259160 0.916644 0.085239 0.087787
0 0.073796 0.677459 0.066299 0.069977
0 0.086989 0.367663 0.057502 0.091607
0 0.862271 0.945907 0.087271 0.103053
0 0.331547 0.690181 0.060886 0.077608
0 0.289603 0.734713 0.055476 0.072521
