0 0.612976 0.438276 0.064946 0.077608
0 0.738807 0.314865 0.143420 0.148857
0 0.888317 0.678733 0.062239 0.085243
0 0.776354 0.732805 0.064270 0.050891
0 0.682318 0.569318 0.054797 0.072521
0 0.725277 0.580133 0.051414 0.076336
0 0.510146 0.675551 0.066299 0.071249
0 0.428289 0.652649 0.077124 0.104325
0 0.490865 0.507612 0.060208 0.091607
0 0.370446 0.541965 0.054797 0.073792
0 0.388374 0.601125 0.071709 0.087787
0 0.178994 0.634837 0.103506 0.091602
0 0.265925 0.636111 0.056826 0.055978
0 0.150918 0.752523 0.069004 0.082695
0 0.166478 0.909011 0.070359 0.077608
0 0.483086 0.857486 0.064946 0.094146
0 0.458732 0.786873 0.073064 0.062342
0 0.653229 0.812321 0.079153 0.077608
0 0.711071 0.708629 0.058181 0.071244
0 0.677244 0.765882 0.067651 0.055978
0 0.725615 0.762064 0.062915 0.066157
0 0.812546 0.690820 0.051416 0.058526
0 0.039294 0.739800 0.056826 0.057250
