0 0.758763 0.633565 0.056150 0.061070
0 0.727983 0.707358 0.050063 0.043255
0 0.753691 0.685730 0.052769 0.048347
0 0.795635 0.734075 0.055474 0.058526
0 0.826754 0.755069 0.047356 0.044527
0 0.672172 0.866391 0.056150 0.050891
0 0.704642 0.776061 0.054797 0.055978
0 0.601814 0.731531 0.052090 0.048343
0 0.617035 0.696545 0.050061 0.052163
0 0.609932 0.595399 0.050737 0.058522
0 0.533148 0.751887 0.046003 0.043260
0 0.539575 0.494890 0.061562 0.048347
0 0.470570 0.682548 0.056150 0.054711
0 0.430317 0.589038 0.055474 0.068701
0 0.375858 0.596671 0.069680 0.071249
0 0.917068 0.513974 0.052090 0.048343
0 0.754706 0.854304 0.043972 0.044532
0 0.292310 0.277332 0.052769 0.053434
0 0.290280 0.419192 0.051414 0.036896
0 0.331208 0.466899 0.046680 0.063613
0 0.347445 0.493616 0.052092 0.040712
0 0.272014 0.231531 0.048711 0.043255
0 0.703967 0.502523 0.050737 0.058526
0 0.670818 0.363848 0.043975 0.050891
0 0.605873 0.395652 0.050740 0.048347
0 0.541266 0.603033 0.043298 0.040712
0 0.414758 0.446543 0.050063 0.053434
0 0.373490 0.417282 0.059534 0.048347
0 0.531794 0.666646 0.044648 0.058526
