0 0.320385 0.463721 0.050740 0.103053
0 0.455349 0.582674 0.073062 0.094146
0 0.789208 0.459268 0.050740 0.111961
0 0.817959 0.616391 0.066299 0.082700
0 0.749293 0.328859 0.041267 0.108140
0 0.626168 0.229621 0.049387 0.080152
0 0.748955 0.184458 0.048711 0.078880
0 0.612638 0.550234 0.053445 0.090331
0 0.615681 0.652649 0.082534 0.076336
0 0.193877 0.734075 0.079150 0.066157
0 0.355564 0.535601 0.062915 0.050891
0 0.481057 0.399470 0.055474 0.040712
0 0.614329 0.335220 0.051416 0.054711
0 0.744219 0.491708 0.067651 0.062342
0 0.860918 0.373388 0.048032 0.092874
0 0.835548 0.151377 0.047356 0.073792
0 0.535854 0.519063 0.055474 0.058522
0 0.299413 0.734075 0.056150 0.066157
0 0.415096 0.736621 0.060208 0.053434
0 0.214172 0.385475 0.060210 0.066157
0 0.449259 0.404559 0.047356 0.055978
