0 0.536869 0.501887 0.057502 0.049614
0 0.473276 0.301504 0.054800 0.063613
0 0.429979 0.388021 0.056150 0.050891
0 0.654243 0.384201 0.050063 0.050891
0 0.846373 0.409013 0.075769 0.092874
0 0.964424 0.341582 0.038560 0.123411
0 0.235482 0.781148 0.048708 0.053434
0 0.285205 0.774787 0.046680 0.043255
0 0.279794 0.844761 0.045325 0.055978
0 0.248674 0.524787 0.046680 0.052163
0 0.407993 0.564865 0.051416 0.045799
0 0.461437 0.644380 0.047356 0.039440
0 0.380933 0.136747 0.046001 0.047075
0 0.187112 0.552778 0.050737 0.059798
