0 0.651537 0.413466 0.051414 0.127227
0 0.466173 0.186366 0.056829 0.072521
0 0.400212 0.142472 0.050737 0.063613
0 0.357255 0.179369 0.055476 0.066157
0 0.284530 0.125296 0.053445 0.069977
0 0.172905 0.478985 0.066973 0.057254
0 0.457716 0.707994 0.064270 0.072516
0 0.560885 0.797688 0.062239 0.071244
0 0.581519 0.716901 0.073740 0.090331
0 0.610609 0.625932 0.069680 0.076336
0 0.388712 0.416010 0.066975 0.071249
0 0.288927 0.488526 0.055476 0.050891
0 0.748279 0.316136 0.070356 0.095422
0 0.682318 0.132932 0.052092 0.057250
0 0.535854 0.399470 0.070356 0.053439
