0 0.410361 0.350489 0.061563 0.049619
0 0.385330 0.264610 0.064268 0.076336
0 0.369771 0.407103 0.058857 0.071249
0 0.389727 0.526697 0.051416 0.048343
0 0.409346 0.445907 0.059531 0.082695
0 0.601476 0.655195 0.071711 0.068701
0 0.469894 0.566136 0.062917 0.063613
0 0.482072 0.390565 0.037209 0.096694
0 0.534839 0.388019 0.053442 0.068701
0 0.589974 0.396288 0.050061 0.047075
0 0.579827 0.363848 0.052769 0.048347
0 0.487145 0.334584 0.047356 0.053439
0 0.275059 0.440820 0.048032 0.054706
0 0.284868 0.510156 0.041943 0.048347
0 0.596740 0.540055 0.047356 0.052167
0 0.766206 0.643108 0.046680 0.052167
0 0.700923 0.536873 0.051416 0.048347
0 0.535516 0.576313 0.056150 0.048347
0 0.329518 0.361302 0.043298 0.053439
0 0.633948 0.335856 0.055474 0.063613
0 0.658979 0.471988 0.039238 0.053434
0 0.448246 0.515882 0.064270 0.057254
0 0.546339 0.478349 0.053445 0.058526
0 0.481394 0.756341 0.048032 0.064885
