0 0.753014 0.594125 0.102830 0.109417
0 0.882566 0.588402 0.098096 0.164123
0 0.735085 0.721352 0.075093 0.109417
0 0.646802 0.669828 0.085239 0.128499
0 0.479365 0.740436 0.106211 0.122140
0 0.626846 0.854940 0.102153 0.157759
0 0.841975 0.820590 0.092681 0.185753
0 0.652889 0.226442 0.060886 0.081423
0 0.668788 0.285601 0.056150 0.059798
0 0.745911 0.202270 0.075093 0.063613
0 0.779060 0.184456 0.072388 0.068701
0 0.819651 0.225806 0.049385 0.075064
0 0.827430 0.365119 0.055476 0.071249
0 0.874448 0.404559 0.065620 0.066162
0 0.945144 0.364481 0.054121 0.062342
0 0.823708 0.473898 0.075093 0.082700
0 0.645110 0.478988 0.072388 0.080152
0 0.563252 0.459901 0.077798 0.108140
0 0.426936 0.393744 0.082534 0.103053
0 0.465497 0.497433 0.090652 0.073792
0 0.439789 0.564862 0.086594 0.076336
0 0.516573 0.607486 0.091331 0.077608
0 0.230070 0.683822 0.089299 0.100510
0 0.316664 0.621481 0.064944 0.057250
0 0.384315 0.877206 0.120417 0.153944
0 0.458394 0.166646 0.091328 0.089059
0 0.497292 0.092854 0.071709 0.094146
0 0.551752 0.298960 0.077800 0.086515
0 0.587946 0.206722 0.062239 0.080156
0 0.162080 0.298326 0.060210 0.103053
0 0.236836 0.248708 0.044648 0.080152
0 0.376874 0.300868 0.058181 0.062342
0 0.549385 0.717537 0.097417 0.109417
0 0.188126 0.821862 0.063591 0.188297
0 0.213834 0.499977 0.074417 0.129770
0 0.400552 0.520971 0.082534 0.085239
0 0.954276 0.164738 0.050740 0.067429
0 0.310576 0.190181 0.069004 0.057250
