0 0.544987 0.575677 0.062917 0.082695
0 0.589636 0.498705 0.037207 0.078880
0 0.598431 0.360030 0.071033 0.071244
0 0.735763 0.602394 0.072385 0.077608
0 0.800708 0.685730 0.065620 0.073792
0 0.764852 0.546416 0.054797 0.062337
0 0.638345 0.463719 0.050737 0.047071
0 0.667435 0.409013 0.068328 0.057254
0 0.682319 0.319318 0.061563 0.061070
0 0.741852 0.329495 0.050740 0.048347
0 0.314297 0.597307 0.061563 0.052163
0 0.053839 0.917918 0.080505 0.118324
0 0.069399 0.494254 0.049385 0.047075
0 0.047751 0.624024 0.048032 0.044532
0 0.276073 0.279242 0.052766 0.062342
0 0.303134 0.478352 0.050061 0.048347
0 0.347107 0.377842 0.046001 0.058522
0 0.499661 0.611938 0.057505 0.055978
0 0.487821 0.438274 0.056829 0.047071
0 0.459408 0.469444 0.056829 0.053434
0 0.430317 0.327587 0.056826 0.049619
0 0.433700 0.282422 0.046003 0.048343
0 0.480042 0.269699 0.057505 0.040712
0 0.475645 0.543873 0.054121 0.052163
0 0.495264 0.167282 0.037886 0.031809
0 0.805781 0.459265 0.056826 0.045803
0 0.448246 0.772879 0.053445 0.047071
0 0.665405 0.572498 0.064268 0.061065
0 0.691451 0.539419 0.051414 0.043255
0 0.511161 0.226442 0.038562 0.045803
0 0.581517 0.720080 0.041267 0.071244
0 0.275735 0.533058 0.041270 0.071249
