0 0.558517 0.676187 0.049387 0.057250
0 0.543633 0.604304 0.046680 0.061070
0 0.617035 0.466899 0.074417 0.091602
0 0.491204 0.561047 0.073062 0.094151
0 0.266940 0.603033 0.095388 0.091602
0 0.168846 0.620209 0.053445 0.097966
0 0.148213 0.739164 0.071709 0.071249
0 0.191848 0.836494 0.058857 0.049619
0 0.376198 0.655195 0.074417 0.083972
0 0.419493 0.688910 0.066296 0.105597
0 0.505410 0.710539 0.055474 0.077608
0 0.533148 0.785601 0.058181 0.064885
0 0.534839 0.880386 0.072388 0.106869
0 0.784135 0.629114 0.048708 0.082700
0 0.749631 0.620845 0.058179 0.073792
0 0.050457 0.700996 0.057505 0.058522
0 0.347445 0.320590 0.049387 0.055983
0 0.390742 0.462447 0.050737 0.049614
0 0.378564 0.576313 0.062915 0.081423
0 0.794620 0.850487 0.054797 0.143765
0 0.715129 0.851761 0.079829 0.077608
0 0.606211 0.841582 0.055474 0.082695
0 0.725277 0.963719 0.067649 0.067429
0 0.830813 0.775425 0.063594 0.059793
0 0.865991 0.751251 0.059531 0.075064
0 0.955629 0.772879 0.053445 0.097961
