0 0.492896 0.601125 0.072388 0.067429
0 0.561899 0.625932 0.057505 0.048347
0 0.578474 0.675551 0.055474 0.058522
0 0.636316 0.735347 0.048032 0.068701
0 0.648831 0.555321 0.054121 0.057254
0 0.774663 0.687638 0.055474 0.052163
0 0.467187 0.451635 0.064268 0.053434
0 0.380594 0.391837 0.053445 0.055978
0 0.343048 0.305321 0.046003 0.043260
0 0.398522 0.264610 0.047356 0.053434
0 0.456025 0.234077 0.048711 0.050891
0 0.472937 0.338402 0.054121 0.050891
0 0.441143 0.564865 0.055474 0.053439
0 0.470570 0.533694 0.058855 0.052163
0 0.557164 0.472624 0.053445 0.057250
0 0.598770 0.542601 0.051416 0.054706
0 0.628198 0.613212 0.045327 0.043255
0 0.768911 0.907103 0.049385 0.043260
0 0.203009 0.389927 0.048708 0.059798
0 0.418478 0.491710 0.054797 0.049619
0 0.810178 0.507612 0.048032 0.040716
