0 0.698217 0.318680 0.094709 0.103053
0 0.647478 0.457996 0.100122 0.114504
0 0.731703 0.394380 0.081858 0.099238
0 0.804429 0.441455 0.079829 0.076336
0 0.913687 0.535601 0.088623 0.099238
0 0.749631 0.688274 0.104185 0.124683
0 0.862271 0.800234 0.089976 0.180661
0 0.915715 0.700360 0.092681 0.077608
0 0.687393 0.602397 0.092007 0.090331
0 0.678936 0.846671 0.117036 0.148852
0 0.564944 0.886747 0.133950 0.152668
0 0.481394 0.802778 0.089976 0.068705
0 0.550737 0.597943 0.098770 0.083967
0 0.525706 0.543237 0.081182 0.081423
0 0.523677 0.463083 0.081182 0.081428
0 0.619065 0.706086 0.069004 0.091602
0 0.670480 0.683820 0.047356 0.136134
0 0.824048 0.366391 0.067651 0.073792
0 0.818635 0.161556 0.070356 0.086511
0 0.869712 0.134201 0.065620 0.064885
0 0.928907 0.301506 0.056829 0.053434
0 0.904214 0.251251 0.049385 0.072521
0 0.679274 0.148834 0.064944 0.068705
0 0.612300 0.141201 0.054121 0.045799
0 0.497969 0.244254 0.071709 0.073788
0 0.449260 0.312955 0.070356 0.063613
0 0.360637 0.361940 0.063594 0.100510
0 0.399537 0.529240 0.083210 0.066157
0 0.400890 0.595397 0.098093 0.089059
0 0.430995 0.639929 0.089299 0.068701
0 0.496954 0.674915 0.069680 0.080152
0 0.325121 0.587128 0.079153 0.148857
0 0.249689 0.664100 0.074417 0.073792
0 0.280133 0.799598 0.074417 0.105597
0 0.349813 0.206722 0.046003 0.090331
0 0.419493 0.150742 0.071711 0.057250
0 0.856520 0.928095 0.087947 0.090331
0 0.409008 0.825041 0.071033 0.067429
0 0.283516 0.897562 0.081182 0.072516
0 0.197598 0.423005 0.037886 0.128499
0 0.547354 0.328859 0.052769 0.100510
0 0.817959 0.525425 0.070356 0.083972
0 0.920114 0.621478 0.074417 0.090331
