0 0.528074 0.482803 0.045327 0.041988
0 0.574415 0.549598 0.051414 0.063613
0 0.477675 0.365755 0.047356 0.075064
0 0.380933 0.544509 0.044648 0.048347
0 0.442495 0.498069 0.051416 0.044532
0 0.304824 0.225170 0.060210 0.048347
0 0.282500 0.193363 0.042622 0.043255
0 0.369769 0.290055 0.039915 0.083967
0 0.172905 0.620209 0.056152 0.057250
0 0.698555 0.332674 0.043975 0.047075
0 0.561223 0.604940 0.071035 0.064885
0 0.332223 0.532422 0.060886 0.057250
0 0.477335 0.640562 0.043972 0.047075
0 0.509131 0.656469 0.046680 0.050891
0 0.406979 0.216901 0.039915 0.039440
0 0.396493 0.101125 0.048708 0.036896
0 0.647479 0.407741 0.047356 0.039440
0 0.320723 0.582677 0.041943 0.048347
