0 0.665405 0.785604 0.045327 0.049619
0 0.204363 0.582677 0.052769 0.073792
0 0.216879 0.510792 0.068328 0.069977
0 0.167494 0.446545 0.054797 0.061070
0 0.116416 0.465629 0.063594 0.055978
0 0.118108 0.425551 0.060210 0.044527
0 0.145167 0.548962 0.041267 0.062342
0 0.105930 0.350487 0.058857 0.044527
0 0.285544 0.217537 0.050063 0.038168
0 0.226688 0.298962 0.046003 0.048347
0 0.440127 0.561683 0.061562 0.054706
0 0.643419 0.571226 0.044651 0.050891
0 0.442495 0.462447 0.041943 0.057254
0 0.386683 0.517153 0.043972 0.059798
0 0.317678 0.603669 0.050737 0.049614
0 0.529089 0.270971 0.052769 0.043255
0 0.510485 0.357486 0.042620 0.063613
