0 0.594373 0.165372 0.075093 0.106869
0 0.401904 0.214991 0.047354 0.104325
0 0.405287 0.129750 0.058181 0.068701
0 0.313958 0.318046 0.059531 0.066157
0 0.476321 0.412828 0.062241 0.100505
0 0.783119 0.297691 0.054797 0.078880
0 0.831827 0.249979 0.072385 0.080152
0 0.712761 0.818682 0.057505 0.062342
0 0.390066 0.667916 0.060210 0.101781
0 0.151594 0.590310 0.052769 0.066157
0 0.662699 0.463083 0.068328 0.066157
0 0.696188 0.578859 0.073064 0.078884
0 0.765530 0.564865 0.062915 0.086515
0 0.707349 0.328223 0.061563 0.094151
0 0.607227 0.426823 0.060210 0.057254
0 0.505411 0.240436 0.059534 0.071249
0 0.661346 0.896290 0.084563 0.110689
