0 0.507102 0.487893 0.048032 0.069972
0 0.367740 0.648198 0.087268 0.108140
0 0.404272 0.753159 0.085918 0.078880
0 0.322075 0.790691 0.067651 0.059793
0 0.239542 0.823134 0.063591 0.068701
0 0.389390 0.912195 0.060210 0.076336
0 0.289941 0.969444 0.088623 0.058522
0 0.796311 0.744254 0.078477 0.081428
0 0.714791 0.216265 0.045325 0.058526
0 0.657288 0.744254 0.038560 0.094146
0 0.595725 0.697181 0.050737 0.053434
0 0.484438 0.809775 0.069004 0.069972
0 0.897112 0.217537 0.056826 0.061070
0 0.927554 0.688274 0.043296 0.101781
