0 0.225673 0.470716 0.094036 0.099238
0 0.674877 0.396290 0.073738 0.087787
0 0.663376 0.300234 0.064268 0.078880
0 0.477673 0.492346 0.055474 0.055978
0 0.379918 0.540055 0.054797 0.064885
0 0.415435 0.396288 0.052769 0.075064
0 0.493572 0.227713 0.062915 0.055978
0 0.433024 0.241072 0.048708 0.054706
0 0.451628 0.207358 0.045327 0.045799
0 0.566635 0.337764 0.039915 0.057254
0 0.166478 0.225170 0.044651 0.050891
0 0.222628 0.111302 0.046003 0.047075
0 0.718512 0.555957 0.041946 0.043255
0 0.280809 0.356212 0.044651 0.050891
0 0.239203 0.248708 0.045325 0.049619
