0 0.370446 0.438910 0.066975 0.073788
0 0.299413 0.381022 0.064270 0.110684
0 0.258484 0.425551 0.052769 0.059798
0 0.753014 0.727716 0.093357 0.086515
0 0.799694 0.651380 0.073064 0.063613
0 0.839945 0.702904 0.066975 0.080152
0 0.689761 0.586492 0.073740 0.106869
0 0.594034 0.472626 0.062239 0.062342
0 0.576783 0.274151 0.066975 0.059798
0 0.667435 0.318680 0.053445 0.054706
0 0.735763 0.382293 0.049387 0.077608
0 0.469894 0.269699 0.073738 0.058526
0 0.390742 0.068046 0.043975 0.047075
0 0.303810 0.200360 0.051414 0.064890
0 0.371461 0.307229 0.058181 0.047075
0 0.558179 0.660921 0.055474 0.080152
0 0.751322 0.589038 0.053445 0.086515
0 0.811533 0.587130 0.048032 0.062342
0 0.952246 0.492346 0.058857 0.081423
0 0.409685 0.398198 0.048032 0.058526
0 0.473953 0.164736 0.043975 0.047075
0 0.760117 0.337128 0.050737 0.055983
