0 0.582195 0.493618 0.073740 0.071249
0 0.613314 0.298326 0.058855 0.052163
0 0.586593 0.127206 0.048708 0.043255
0 0.353533 0.492346 0.075093 0.081423
0 0.394125 0.538783 0.071033 0.062342
0 0.417125 0.478349 0.066975 0.055983
0 0.433701 0.387385 0.055474 0.052163
0 0.375182 0.797688 0.062917 0.055983
0 0.472599 0.776694 0.068328 0.064885
0 0.516235 0.653287 0.056826 0.059798
0 0.605873 0.760158 0.060208 0.049619
0 0.709042 0.765882 0.087947 0.068705
0 0.792590 0.510792 0.058857 0.069977
0 0.650522 0.540691 0.071035 0.048343
0 0.523000 0.557867 0.064946 0.057250
0 0.243939 0.774787 0.071033 0.063613
0 0.149904 0.557229 0.053445 0.066157
0 0.164110 0.362573 0.041267 0.066157
0 0.057222 0.550232 0.061562 0.052163
0 0.124873 0.478988 0.046680 0.054706
0 0.096459 0.456722 0.042620 0.040716
0 0.059252 0.484711 0.039915 0.048347
0 0.179332 0.471352 0.052766 0.041988
0 0.226688 0.417918 0.060886 0.054706
0 0.246984 0.446543 0.047356 0.048347
0 0.404611 0.315500 0.044651 0.033076
0 0.409008 0.356848 0.052092 0.044532
0 0.433024 0.269699 0.051414 0.055983
0 0.553781 0.335856 0.054797 0.045799
0 0.509808 0.437638 0.053445 0.063613
0 0.814915 0.704814 0.064268 0.063613
0 0.347783 0.664736 0.063594 0.057250
0 0.322076 0.813593 0.078474 0.054706
0 0.444525 0.674915 0.050061 0.047075
0 0.343386 0.565500 0.060210 0.062342
0 0.496616 0.274151 0.046001 0.044527
0 0.516573 0.308501 0.045325 0.052163
0 0.639698 0.449725 0.057502 0.054711
0 0.628198 0.398834 0.058857 0.047071
0 0.720880 0.309139 0.052092 0.058526
0 0.697540 0.247436 0.051414 0.052163
0 0.294000 0.610030 0.054797 0.049619
