0 0.423890 0.430005 0.056150 0.048347
0 0.523676 0.353033 0.062239 0.052163
0 0.586592 0.337764 0.051416 0.062342
0 0.409009 0.193999 0.061563 0.067429
0 0.433363 0.311683 0.053445 0.040712
0 0.308545 0.400106 0.066299 0.054711
0 0.273030 0.439545 0.062915 0.067429
0 0.334253 0.289419 0.044648 0.067433
0 0.345416 0.208629 0.065623 0.068701
0 0.528751 0.604304 0.053445 0.058526
0 0.483424 0.534966 0.053445 0.059793
0 0.411036 0.549598 0.056150 0.058526
0 0.462114 0.652649 0.054121 0.045803
0 0.375183 0.480259 0.060210 0.057250
0 0.339326 0.516517 0.061563 0.055983
0 0.346769 0.645018 0.057502 0.104325
0 0.473276 0.419192 0.057505 0.064885
0 0.385669 0.382932 0.055474 0.058526
0 0.351843 0.348579 0.055474 0.058526
0 0.232100 0.396926 0.051416 0.063613
0 0.440128 0.490436 0.054797 0.059798
0 0.482410 0.482167 0.050063 0.055978
