0 0.436406 0.433184 0.055474 0.054706
0 0.313619 0.515246 0.056150 0.055983
0 0.283854 0.554050 0.068328 0.059798
0 0.365710 0.646288 0.049385 0.043255
0 0.513191 0.606214 0.061563 0.049619
0 0.541266 0.617027 0.046003 0.040712
0 0.604858 0.663466 0.055474 0.039440
0 0.589636 0.687002 0.053442 0.043260
0 0.514882 0.676187 0.056829 0.049619
0 0.697540 0.620207 0.063591 0.069972
0 0.736101 0.660921 0.048711 0.044532
0 0.730690 0.721352 0.062239 0.043255
0 0.767220 0.755705 0.044651 0.040712
0 0.688407 0.718173 0.056150 0.039440
0 0.642065 0.554050 0.054121 0.057254
0 0.622786 0.805324 0.052090 0.040712
0 0.460084 0.713719 0.048708 0.035620
0 0.487822 0.494890 0.052769 0.055978
0 0.586592 0.496162 0.052769 0.058522
0 0.513867 0.325677 0.045327 0.040712
0 0.560885 0.329495 0.047356 0.053434
0 0.251719 0.463083 0.058179 0.050886
0 0.183053 0.412828 0.038562 0.082700
0 0.148212 0.424915 0.046003 0.058526
0 0.285883 0.419190 0.043972 0.059793
0 0.321400 0.368935 0.047356 0.050891
0 0.870050 0.701632 0.047356 0.057250
0 0.832166 0.859394 0.058179 0.044527
0 0.730690 0.501251 0.046003 0.045799
0 0.509131 0.734075 0.046680 0.045799
0 0.466849 0.617027 0.048708 0.043255
0 0.425244 0.569316 0.043975 0.034353
0 0.484438 0.561047 0.054121 0.053434
0 0.714115 0.435092 0.043972 0.048347
