0 0.562915 0.569316 0.097417 0.095418
0 0.538899 0.659013 0.076445 0.078880
0 0.476321 0.496798 0.056826 0.082695
0 0.620417 0.330767 0.069004 0.124683
0 0.601475 0.237893 0.067651 0.106869
0 0.562238 0.851758 0.087947 0.090331
0 0.492557 0.747436 0.071711 0.103053
0 0.261190 0.610666 0.087947 0.106869
0 0.325797 0.569954 0.058855 0.055978
0 0.376534 0.559775 0.065623 0.068705
0 0.784810 0.370207 0.066299 0.081423
0 0.794957 0.525422 0.062239 0.099238
0 0.858888 0.843492 0.068328 0.066157
0 0.163434 0.771607 0.054797 0.087787
0 0.217893 0.701632 0.070356 0.054706
0 0.084958 0.661556 0.066973 0.055978
0 0.504735 0.192725 0.047356 0.075064
0 0.304148 0.796416 0.061562 0.063613
0 0.223982 0.795781 0.063594 0.057254
