0 0.325797 0.565500 0.064270 0.062342
0 0.376534 0.438912 0.065623 0.078880
0 0.348121 0.465629 0.069680 0.053434
0 0.277087 0.527332 0.072388 0.072516
0 0.365034 0.811049 0.072388 0.075064
0 0.233115 0.850487 0.050737 0.087787
0 0.361313 0.710537 0.067651 0.092874
0 0.452981 0.552778 0.064268 0.085243
0 0.471924 0.710539 0.071035 0.082695
0 0.592681 0.692089 0.063594 0.073792
0 0.612300 0.484711 0.063594 0.071249
0 0.554796 0.478349 0.044651 0.071244
0 0.543295 0.559139 0.059534 0.067433
0 0.498307 0.448450 0.042620 0.077608
0 0.524691 0.356848 0.053445 0.054706
0 0.440804 0.341582 0.069680 0.082695
0 0.429303 0.281148 0.060208 0.050891
0 0.115402 0.613212 0.054797 0.063613
0 0.152948 0.704812 0.066296 0.053434
0 0.298060 0.290691 0.052092 0.041988
0 0.784471 0.725806 0.054797 0.049619
0 0.619403 0.554685 0.045325 0.055983
0 0.728660 0.260794 0.051416 0.050891
