0 0.543296 0.344128 0.083887 0.092874
0 0.575092 0.440817 0.078474 0.095418
0 0.487821 0.177459 0.063591 0.103053
0 0.547355 0.276697 0.056829 0.087782
0 0.610270 0.151377 0.062239 0.083967
0 0.675553 0.173007 0.050740 0.071249
0 0.694496 0.518427 0.077800 0.075064
0 0.691113 0.371481 0.088623 0.081428
0 0.442157 0.701632 0.077800 0.085239
0 0.430995 0.615119 0.073064 0.082700
0 0.313619 0.457358 0.066975 0.072521
0 0.297721 0.314862 0.086594 0.064885
0 0.276411 0.449089 0.042622 0.086515
0 0.557502 0.522243 0.067651 0.069977
0 0.865653 0.660921 0.079153 0.108140
0 0.774663 0.681912 0.079829 0.089059
0 0.749293 0.748069 0.049387 0.083972
0 0.696864 0.804052 0.062239 0.089059
0 0.923157 0.129114 0.079150 0.087787
0 0.862948 0.115119 0.066975 0.138678
0 0.816605 0.150744 0.062239 0.090331
0 0.719865 0.121481 0.058181 0.100510
0 0.443171 0.948453 0.073062 0.095418
0 0.218231 0.377842 0.058855 0.068705
0 0.278441 0.113848 0.054797 0.059798
0 0.917744 0.462447 0.092681 0.072516
0 0.847726 0.276061 0.044651 0.127227
0 0.465157 0.430002 0.052092 0.091602
0 0.374167 0.166010 0.056826 0.082700
0 0.163772 0.298960 0.056826 0.058526
0 0.527059 0.082674 0.064944 0.066157
0 0.950894 0.746162 0.089976 0.105601
