0 0.654919 0.723898 0.070356 0.058522
0 0.695511 0.772243 0.062239 0.058526
0 0.607565 0.722626 0.060886 0.048347
0 0.503043 0.746162 0.054797 0.059798
0 0.432008 0.571862 0.054797 0.064890
0 0.512515 0.524151 0.060210 0.071249
0 0.560885 0.566772 0.050061 0.059798
0 0.567650 0.522245 0.060886 0.062342
0 0.608917 0.632293 0.073064 0.068701
0 0.664053 0.662828 0.057505 0.053434
0 0.741176 0.704178 0.057502 0.069972
0 0.711747 0.578861 0.058181 0.050891
0 0.391080 0.701632 0.048708 0.044532
0 0.397507 0.656467 0.050737 0.035624
0 0.443510 0.669190 0.050740 0.043255
0 0.233453 0.556593 0.058181 0.062342
0 0.259160 0.498705 0.054121 0.055978
0 0.370447 0.419826 0.058857 0.058522
0 0.263895 0.445271 0.046003 0.055978
0 0.290957 0.382929 0.052769 0.048347
0 0.323090 0.319954 0.041267 0.044527
0 0.532133 0.650742 0.058855 0.052163
0 0.542280 0.800232 0.049385 0.043255
0 0.414758 0.459265 0.052769 0.050891
0 0.457379 0.315500 0.046003 0.048347
0 0.494248 0.323134 0.043975 0.045799
0 0.789545 0.878478 0.062239 0.052163
0 0.763500 0.599851 0.050740 0.054706
0 0.879521 0.470716 0.058179 0.071249
