0 0.688069 0.801504 0.129893 0.295165
0 0.723925 0.554050 0.073064 0.108145
0 0.913685 0.483439 0.098093 0.099238
0 0.914362 0.225170 0.081858 0.081423
0 0.911995 0.310411 0.063594 0.073788
0 0.760117 0.162192 0.075093 0.077608
0 0.774324 0.371481 0.077798 0.083972
0 0.709041 0.354304 0.059531 0.080152
0 0.559193 0.652016 0.066975 0.171754
0 0.496278 0.267789 0.065623 0.082695
0 0.652213 0.103669 0.058181 0.057254
0 0.699908 0.134839 0.052092 0.055978
0 0.638007 0.321226 0.062239 0.064885
0 0.589298 0.436366 0.056829 0.071244
0 0.641390 0.624024 0.062239 0.075064
0 0.569342 0.814229 0.081858 0.076336
0 0.429303 0.665372 0.079153 0.081423
0 0.389727 0.744890 0.055474 0.082700
0 0.340342 0.728352 0.066299 0.064885
0 0.201320 0.443999 0.068328 0.091607
0 0.214172 0.617027 0.061563 0.096690
0 0.432347 0.884837 0.062239 0.077608
0 0.485792 0.776061 0.063591 0.071249
0 0.804429 0.682548 0.066299 0.082700
0 0.960027 0.735985 0.069004 0.128499
0 0.933643 0.943999 0.067651 0.091607
0 0.553105 0.297052 0.046680 0.062342
0 0.291633 0.428730 0.041943 0.117048
0 0.396493 0.520971 0.048708 0.108140
0 0.349813 0.302140 0.070359 0.064885
0 0.240557 0.239167 0.065620 0.063613
0 0.428625 0.043873 0.048032 0.047075
0 0.452981 0.143744 0.052090 0.061070
0 0.063987 0.705450 0.077798 0.080156
0 0.347783 0.911556 0.058179 0.080156
0 0.384653 0.833313 0.068330 0.068701
0 0.861256 0.892472 0.073064 0.067433
0 0.405287 0.166008 0.050061 0.052163
