0 0.548708 0.625932 0.054121 0.050891
0 0.424906 0.677459 0.056829 0.052163
0 0.492218 0.777332 0.054797 0.045803
0 0.676229 0.782422 0.053445 0.066157
0 0.826077 0.771607 0.052769 0.072516
0 0.851785 0.724532 0.064946 0.064885
0 0.421185 0.311049 0.050740 0.049619
0 0.262205 0.615755 0.056152 0.063613
0 0.719866 0.520971 0.054121 0.062337
0 0.554458 0.788147 0.052090 0.049619
0 0.775000 0.576315 0.046680 0.045799
0 0.480042 0.356214 0.039912 0.035624
0 0.653566 0.360030 0.047356 0.055983
0 0.800370 0.366391 0.039236 0.043260
0 0.355563 0.458632 0.043972 0.041983
0 0.197260 0.365755 0.045325 0.044532
0 0.234468 0.416644 0.037207 0.062342
0 0.151595 0.339036 0.037883 0.041983
0 0.479027 0.627206 0.043298 0.038168
0 0.370447 0.605576 0.045327 0.063613
0 0.438097 0.485983 0.041267 0.045803
0 0.564606 0.570590 0.042620 0.052163
