0 0.547355 0.453542 0.063591 0.047075
0 0.561561 0.550232 0.062239 0.054706
0 0.635640 0.612576 0.072388 0.062342
0 0.645449 0.498069 0.056826 0.069977
0 0.612300 0.391837 0.056826 0.058522
0 0.571031 0.266517 0.059534 0.049619
0 0.522661 0.258884 0.064268 0.054711
0 0.441819 0.321862 0.059531 0.043255
0 0.451965 0.272243 0.054121 0.048343
0 0.389727 0.322498 0.067651 0.054711
0 0.280471 0.436366 0.048032 0.096690
0 0.297384 0.361940 0.052092 0.100510
0 0.275735 0.242346 0.045327 0.039440
0 0.472262 0.485985 0.050061 0.061070
0 0.426597 0.454814 0.043975 0.108140
0 0.608579 0.330767 0.052090 0.053434
0 0.529427 0.365755 0.039915 0.057250
0 0.825400 0.760792 0.043296 0.043255
0 0.735425 0.611940 0.048711 0.040712
0 0.705320 0.643744 0.050737 0.045799
0 0.719865 0.393108 0.050061 0.055978
0 0.652213 0.374660 0.048708 0.047071
0 0.059589 0.484075 0.060886 0.059793
0 0.472938 0.393744 0.047356 0.052163
0 0.805105 0.608756 0.040591 0.062342
0 0.331210 0.548324 0.053445 0.048347
0 0.512513 0.203540 0.043972 0.045803
