0 0.863624 0.332041 0.122449 0.119591
0 0.769589 0.187638 0.071033 0.054706
0 0.792928 0.233439 0.086594 0.067429
0 0.699570 0.693363 0.079829 0.114504
0 0.607903 0.661556 0.131919 0.101781
0 0.634963 0.547052 0.103506 0.117052
0 0.455687 0.462447 0.089978 0.090331
0 0.348461 0.646924 0.089299 0.189568
0 0.386006 0.432548 0.072388 0.099238
0 0.451289 0.357484 0.052769 0.050891
0 0.514205 0.329497 0.069006 0.089059
0 0.557839 0.298324 0.061562 0.067429
0 0.659993 0.212447 0.087271 0.096694
0 0.717836 0.152652 0.059534 0.040712
0 0.426936 0.688912 0.066299 0.138678
0 0.811533 0.865117 0.088623 0.142493
0 0.828445 0.761428 0.083213 0.092874
0 0.887979 0.703542 0.103506 0.094146
0 0.743204 0.298326 0.076448 0.103053
0 0.579150 0.427459 0.069004 0.068701
0 0.635300 0.405831 0.069004 0.061065
0 0.635302 0.347307 0.075769 0.058526
0 0.688069 0.290691 0.074414 0.075064
0 0.433362 0.251251 0.064268 0.069977
0 0.384653 0.270335 0.061562 0.054711
0 0.649169 0.926187 0.094036 0.096690
0 0.747941 0.880386 0.098093 0.081423
0 0.739823 0.799598 0.081858 0.159031
0 0.240557 0.244888 0.062915 0.077608
0 0.566973 0.716263 0.079829 0.122140
0 0.861932 0.555321 0.096067 0.085243
