0 0.282838 0.521607 0.071711 0.066162
0 0.360975 0.527971 0.057502 0.050891
0 0.382963 0.564229 0.073064 0.059798
0 0.423890 0.608122 0.056150 0.053434
0 0.495262 0.493618 0.058181 0.053434
0 0.513529 0.449725 0.060886 0.062342
0 0.562576 0.459265 0.062915 0.058522
0 0.760793 0.478349 0.076445 0.094146
0 0.663376 0.659646 0.045327 0.062342
0 0.698217 0.799598 0.056829 0.052163
0 0.617711 0.866391 0.075769 0.058522
0 0.531458 0.751887 0.061562 0.089054
0 0.586254 0.745526 0.050740 0.091602
0 0.436406 0.690184 0.071709 0.062342
0 0.372814 0.300870 0.048708 0.059793
0 0.101533 0.294506 0.046001 0.052163
0 0.137726 0.473260 0.052092 0.048347
0 0.606887 0.377204 0.044648 0.041983
0 0.611624 0.595399 0.054121 0.053434
0 0.488837 0.554050 0.041267 0.072516
0 0.568665 0.572498 0.052090 0.053434
0 0.920112 0.582039 0.054121 0.062342
0 0.764177 0.751887 0.075093 0.086511
0 0.774324 0.608758 0.065620 0.052163
0 0.809164 0.659649 0.046003 0.077608
0 0.772295 0.322498 0.050737 0.044527
0 0.760455 0.403287 0.046003 0.058522
0 0.495601 0.346033 0.046680 0.048347
