0 0.926201 0.352397 0.052769 0.073792
0 0.557501 0.626568 0.047356 0.049619
0 0.419156 0.756341 0.054797 0.059798
0 0.510485 0.550868 0.050740 0.053434
0 0.326135 0.554050 0.051416 0.044527
0 0.355564 0.603033 0.050737 0.055983
0 0.266265 0.615755 0.049385 0.071244
0 0.599784 0.479621 0.046677 0.040712
0 0.582872 0.304050 0.054797 0.061065
0 0.714452 0.368935 0.060886 0.058522
0 0.671156 0.318680 0.052766 0.047075
0 0.515558 0.805324 0.058181 0.066157
0 0.441141 0.139927 0.048708 0.050891
0 0.115062 0.348579 0.047356 0.066157
0 0.173582 0.313593 0.050737 0.044532
0 0.152610 0.510156 0.048032 0.058522
