0 0.272690 0.374660 0.040591 0.054711
0 0.927216 0.564229 0.052092 0.067429
0 0.885948 0.539419 0.053445 0.061070
0 0.688407 0.228988 0.029089 0.061070
0 0.361652 0.694635 0.038562 0.068701
0 0.452643 0.267789 0.035178 0.057250
0 0.687054 0.476442 0.042620 0.047071
0 0.058575 0.591582 0.069680 0.068701
0 0.480719 0.583313 0.054797 0.072521
0 0.479027 0.488528 0.033826 0.099233
0 0.715129 0.711811 0.047354 0.057250
0 0.877493 0.875296 0.056826 0.058526
0 0.892714 0.677461 0.056150 0.085243
0 0.686377 0.588402 0.062915 0.067429
0 0.609255 0.555321 0.042622 0.057254
0 0.347783 0.443999 0.063594 0.053434
