0 0.590990 0.386111 0.079153 0.082700
0 0.658978 0.466899 0.074417 0.089059
0 0.414758 0.606850 0.105537 0.104325
0 0.481733 0.695909 0.096064 0.101781
0 0.469218 0.812957 0.080505 0.106869
0 0.594371 0.893747 0.083210 0.062342
0 0.767560 0.826315 0.110271 0.095422
0 0.766882 0.666644 0.089976 0.078880
0 0.860917 0.671097 0.094036 0.090331
0 0.819988 0.552142 0.096064 0.083972
0 0.835211 0.478988 0.110271 0.105597
0 0.816606 0.251887 0.078477 0.101781
0 0.752676 0.263974 0.071035 0.072521
0 0.775339 0.401377 0.066299 0.067429
0 0.705996 0.161556 0.058857 0.076336
0 0.600460 0.157739 0.071033 0.071244
0 0.463468 0.332677 0.074417 0.067429
0 0.423553 0.416646 0.075769 0.072521
0 0.537883 0.272245 0.050063 0.127227
0 0.326812 0.476442 0.064946 0.072516
0 0.352518 0.421736 0.075769 0.062342
0 0.355563 0.536873 0.069680 0.073792
0 0.409685 0.487257 0.060210 0.071244
0 0.289603 0.697817 0.063591 0.072521
0 0.360975 0.710539 0.045325 0.103053
0 0.608240 0.704176 0.083887 0.075064
0 0.733057 0.578859 0.072388 0.117048
0 0.923157 0.391201 0.053442 0.108140
0 0.940408 0.592220 0.119067 0.153944
0 0.516912 0.594764 0.058179 0.097966
0 0.425582 0.239164 0.062239 0.066162
