0 0.702615 0.108756 0.100801 0.087787
0 0.646464 0.440820 0.122449 0.105597
0 0.518264 0.379750 0.104185 0.128499
0 0.537545 0.173641 0.069680 0.064885
0 0.467526 0.116389 0.089299 0.103053
0 0.465497 0.310411 0.097419 0.096690
0 0.547693 0.550234 0.098096 0.120863
0 0.604520 0.774789 0.068328 0.078880
0 0.557163 0.706086 0.089976 0.086515
0 0.538221 0.790691 0.073738 0.075064
0 0.703629 0.648198 0.064944 0.067433
0 0.902185 0.814865 0.119741 0.123411
0 0.916730 0.590946 0.104182 0.095418
0 0.937701 0.436366 0.064944 0.071244
0 0.829799 0.352397 0.079153 0.073792
0 0.707010 0.307867 0.063591 0.071244
0 0.795972 0.559775 0.075093 0.076336
0 0.858212 0.522881 0.046677 0.114504
0 0.374167 0.684456 0.063594 0.066157
0 0.296707 0.607486 0.075093 0.072521
0 0.331886 0.571226 0.066975 0.071249
0 0.377888 0.318680 0.053442 0.082695
0 0.338989 0.307231 0.056826 0.082700
0 0.350151 0.195271 0.058857 0.085243
0 0.410699 0.622753 0.074417 0.049619
0 0.157008 0.631022 0.075769 0.063613
0 0.215188 0.629114 0.052769 0.110689
0 0.241571 0.741072 0.085242 0.075064
0 0.290957 0.412828 0.067651 0.062342
0 0.249352 0.480257 0.069680 0.087787
0 0.197260 0.264610 0.058855 0.076336
0 0.378226 0.506341 0.059534 0.068705
0 0.320046 0.484075 0.067651 0.059793
0 0.386682 0.436366 0.060210 0.068701
0 0.251381 0.104940 0.057502 0.069972
0 0.723923 0.554688 0.052769 0.099238
0 0.740161 0.400106 0.081182 0.080156
0 0.790898 0.480895 0.052769 0.081423
0 0.747603 0.784966 0.055474 0.061070
0 0.821680 0.715629 0.038560 0.092874
0 0.302795 0.891201 0.100801 0.092879
0 0.333577 0.846033 0.094712 0.078880
0 0.294001 0.781150 0.087271 0.083972
0 0.103563 0.706086 0.063591 0.063613
0 0.640037 0.259520 0.044648 0.045799
0 0.682996 0.258884 0.046680 0.054711
0 0.345078 0.110030 0.052769 0.049619
0 0.448922 0.055960 0.049387 0.048347
