0 0.541604 0.470080 0.075093 0.077608
0 0.513867 0.331403 0.075093 0.080152
0 0.602152 0.702270 0.073064 0.061070
0 0.624138 0.674277 0.058857 0.063613
0 0.498645 0.673005 0.071709 0.061070
0 0.651538 0.874660 0.055474 0.105601
0 0.715806 0.575677 0.056826 0.077608
0 0.636316 0.352397 0.084565 0.081423
0 0.704305 0.444637 0.070359 0.064885
0 0.394463 0.195271 0.054121 0.054711
0 0.525029 0.085220 0.051416 0.066162
0 0.315310 0.502525 0.055474 0.050891
0 0.181362 0.304688 0.067651 0.064885
0 0.465497 0.421097 0.056829 0.048347
0 0.927216 0.777332 0.043972 0.089054
0 0.974910 0.700360 0.041943 0.080152
0 0.867344 0.590946 0.054121 0.044527
0 0.895757 0.629750 0.040591 0.058526
0 0.846372 0.480895 0.054121 0.078880
0 0.846711 0.400106 0.048032 0.059798
0 0.777030 0.311047 0.050740 0.059798
0 0.626168 0.587128 0.054797 0.059793
0 0.419155 0.349215 0.050737 0.092874
0 0.611624 0.499341 0.044648 0.052163
0 0.891023 0.786240 0.054121 0.050891
0 0.917068 0.358122 0.042622 0.062342
