0 0.471145 0.560560 0.067651 0.056189
0 0.509480 0.518682 0.052993 0.046648
0 0.740059 0.591306 0.050737 0.054073
0 0.822367 0.650147 0.062014 0.053012
0 0.846046 0.601908 0.047356 0.045588
0 0.628434 0.798579 0.063142 0.048774
0 0.554863 0.779497 0.062578 0.063613
0 0.523293 0.864311 0.091895 0.076336
0 0.679454 0.679304 0.049045 0.073154
0 0.451133 0.644846 0.032134 0.061492
0 0.405186 0.626295 0.051865 0.064674
0 0.400957 0.565331 0.051304 0.065730
0 0.322876 0.443407 0.050737 0.048770
0 0.682556 0.531403 0.041719 0.057250
0 0.548098 0.681956 0.058066 0.048770
0 0.348809 0.834628 0.068779 0.050891
0 0.414205 0.798049 0.047356 0.054068
0 0.780931 0.885517 0.062576 0.061492
0 0.819550 0.829325 0.057502 0.053012
0 0.780649 0.675062 0.049609 0.047709
