0 0.661008 0.127840 0.089302 0.080152
0 0.807811 0.152652 0.106887 0.117048
0 0.907936 0.540055 0.090652 0.113232
0 0.828446 0.531150 0.081858 0.146313
0 0.781089 0.601123 0.076445 0.105597
0 0.707688 0.569318 0.058179 0.054706
0 0.677583 0.540055 0.061562 0.062342
0 0.617035 0.468809 0.073064 0.059793
0 0.741176 0.397560 0.068328 0.052163
0 0.469894 0.325044 0.087268 0.097966
0 0.605872 0.610666 0.115684 0.173030
0 0.494248 0.874660 0.102153 0.097961
0 0.414082 0.877842 0.078477 0.099238
0 0.369769 0.729621 0.121096 0.125955
0 0.408669 0.561047 0.073062 0.073792
0 0.257469 0.519699 0.072385 0.072521
0 0.033544 0.554050 0.057502 0.097961
0 0.387021 0.257612 0.052769 0.049614
0 0.488837 0.738528 0.065623 0.067433
0 0.497292 0.629114 0.070356 0.059798
0 0.559193 0.498705 0.057502 0.053434
0 0.565958 0.356212 0.062917 0.053434
0 0.208423 0.853033 0.055474 0.054706
0 0.315311 0.592854 0.060886 0.058526
0 0.786163 0.308503 0.052766 0.059798
