0 0.608037 0.428349 0.094712 0.086515
0 0.420981 0.243235 0.087271 0.097966
0 0.529224 0.837383 0.117036 0.115776
0 0.447028 0.696162 0.074417 0.087787
0 0.279591 0.868554 0.072385 0.132314
0 0.731840 0.902268 0.071711 0.092874
0 0.893187 0.581022 0.062917 0.094146
0 0.637466 0.533313 0.066973 0.059793
0 0.738267 0.359649 0.058857 0.058526
0 0.720338 0.240055 0.056829 0.050891
0 0.524487 0.381276 0.060210 0.073792
0 0.483560 0.243873 0.056826 0.068701
0 0.705455 0.665629 0.055476 0.041983
0 0.685498 0.745145 0.062915 0.071244
0 0.537343 0.656722 0.050740 0.049614
0 0.380054 0.544125 0.040591 0.061070
0 0.508252 0.311302 0.050737 0.061070
0 0.839404 0.425170 0.044648 0.044527
0 0.802196 0.789674 0.063591 0.068705
0 0.830609 0.616010 0.059534 0.069972
0 0.823506 0.901632 0.061562 0.066157
0 0.662496 0.684713 0.050740 0.049619
0 0.799490 0.560666 0.054121 0.063609
0 0.749767 0.483058 0.050740 0.053434
0 0.694292 0.399089 0.048032 0.071244
0 0.571844 0.502142 0.052092 0.061070
