0 0.842159 0.581136 0.064109 0.062043
0 0.865028 0.494417 0.056609 0.040891
0 0.874775 0.454580 0.052861 0.043007
0 0.847783 0.424970 0.056611 0.040188
0 0.824728 0.480666 0.038240 0.061341
0 0.738500 0.458106 0.050237 0.043007
0 0.739811 0.519444 0.061858 0.066979
0 0.746748 0.607927 0.068232 0.059224
0 0.678516 0.550820 0.049487 0.077553
0 0.707570 0.563159 0.052112 0.044417
0 0.694261 0.493005 0.041990 0.046534
0 0.705883 0.659045 0.066731 0.058522
0 0.758557 0.743299 0.051362 0.049353
0 0.782550 0.561396 0.046863 0.050762
0 0.950505 0.380126 0.044238 0.052879
0 0.919764 0.300810 0.036741 0.053586
0 0.762681 0.356508 0.055483 0.045119
0 0.965315 0.463324 0.040864 0.044417
0 0.978436 0.410799 0.041614 0.047943
0 0.890597 0.370751 0.040491 0.031024
0 0.894346 0.413053 0.039741 0.042305
