0 0.557975 0.771862 0.086594 0.078884
0 0.485048 0.676697 0.086594 0.075064
0 0.521918 0.539293 0.069680 0.062342
0 0.434985 0.803287 0.039238 0.048347
0 0.317949 0.574915 0.062241 0.064890
0 0.350760 0.636621 0.052092 0.050891
0 0.321332 0.697688 0.055476 0.063613
0 0.710664 0.664610 0.060210 0.058522
0 0.816200 0.587002 0.056150 0.061065
0 0.730283 0.848453 0.064268 0.059798
0 0.795906 0.862445 0.049385 0.052163
0 0.913956 0.922881 0.063591 0.063613
0 0.671426 0.858629 0.061562 0.059793
0 0.667706 0.738402 0.062239 0.053434
0 0.891293 0.748579 0.057502 0.045799
0 0.807405 0.688147 0.060210 0.059793
0 0.732990 0.580002 0.054797 0.049619
0 0.755990 0.414610 0.054797 0.044527
0 0.598363 0.529750 0.056150 0.050886
0 0.722842 0.774660 0.052090 0.039440
0 0.751931 0.795654 0.046680 0.033081
0 0.755652 0.745399 0.067651 0.057254
0 0.847997 0.647436 0.052092 0.049619
0 0.293933 0.443871 0.066973 0.062342
0 0.397777 0.576823 0.051414 0.043260
0 0.332833 0.473136 0.046003 0.064885
0 0.414353 0.515117 0.046680 0.054706
0 0.441412 0.716772 0.053445 0.048347
0 0.816404 0.791837 0.037886 0.044527
