0 0.835211 0.153923 0.108918 0.122135
0 0.656949 0.317408 0.066296 0.049619
0 0.686378 0.256341 0.066975 0.072516
0 0.748955 0.261430 0.058179 0.054706
0 0.786501 0.337128 0.073740 0.063613
0 0.635300 0.412828 0.070356 0.067429
0 0.584901 0.467537 0.053445 0.049619
0 0.543972 0.503795 0.059531 0.045799
0 0.473616 0.481531 0.067651 0.054706
0 0.452643 0.635475 0.077122 0.075064
0 0.547355 0.589036 0.060886 0.053434
0 0.429979 0.698450 0.058855 0.063613
0 0.428627 0.765246 0.043972 0.057250
0 0.285883 0.452904 0.050740 0.066157
0 0.418479 0.365755 0.056152 0.067433
0 0.178993 0.543873 0.053445 0.057250
0 0.199290 0.914736 0.058857 0.068701
0 0.684686 0.475806 0.070359 0.078884
0 0.815591 0.524153 0.061562 0.058526
0 0.177640 0.620207 0.066975 0.059798
