0 0.588621 0.781784 0.094712 0.125955
0 0.823370 0.842854 0.101477 0.118324
0 0.891023 0.584584 0.079829 0.125955
0 0.818297 0.579495 0.080505 0.105601
0 0.781765 0.571226 0.060210 0.096694
0 0.737792 0.498072 0.054797 0.120863
0 0.693143 0.452904 0.054797 0.091602
0 0.741514 0.283058 0.040591 0.095418
0 0.823372 0.306593 0.052769 0.081423
0 0.905568 0.241072 0.065623 0.069977
0 0.807135 0.221988 0.055476 0.067429
0 0.393110 0.822498 0.094712 0.092874
0 0.248336 0.639929 0.071711 0.083972
0 0.287911 0.814229 0.039915 0.099238
0 0.136711 0.697815 0.051416 0.059798
0 0.329518 0.677459 0.056829 0.080152
0 0.315988 0.582677 0.048708 0.055978
0 0.470570 0.647562 0.066975 0.086511
0 0.638007 0.771607 0.077122 0.110689
0 0.708702 0.737893 0.058855 0.147585
0 0.552428 0.828859 0.054797 0.097966
0 0.585239 0.216901 0.041943 0.087787
0 0.781766 0.463719 0.043972 0.057254
