0 0.403257 0.454814 0.066299 0.097966
0 0.946158 0.690817 0.106213 0.229008
0 0.215187 0.607486 0.087947 0.100510
0 0.351504 0.546416 0.075093 0.069977
0 0.152610 0.547688 0.075093 0.072521
0 0.257808 0.087128 0.067651 0.072521
0 0.355563 0.201632 0.053445 0.044532
0 0.092062 0.322498 0.064944 0.108145
0 0.115402 0.748069 0.066975 0.091602
0 0.152948 0.903923 0.071711 0.059793
0 0.318354 0.751251 0.058857 0.047075
0 0.292986 0.700996 0.048711 0.048347
0 0.578812 0.597943 0.045325 0.038163
0 0.581179 0.559775 0.055474 0.050891
0 0.636992 0.594764 0.053442 0.047075
0 0.494586 0.685728 0.085242 0.061070
0 0.403934 0.601758 0.073064 0.076336
0 0.360975 0.269697 0.066975 0.076336
0 0.419155 0.277332 0.062915 0.091607
0 0.250366 0.534332 0.044648 0.063613
0 0.256455 0.307231 0.054121 0.082700
0 0.643418 0.338402 0.054121 0.048347
0 0.615006 0.449089 0.058181 0.066157
0 0.604858 0.374660 0.064946 0.062342
0 0.224320 0.666010 0.066975 0.067429
0 0.205039 0.730259 0.058179 0.058526
0 0.235482 0.745526 0.058181 0.066157
0 0.224658 0.468173 0.050063 0.050891
0 0.276073 0.366391 0.056829 0.066162
