0 0.246984 0.706722 0.048708 0.067429
0 0.208083 0.937002 0.071035 0.069972
0 0.061619 0.720716 0.063594 0.054711
0 0.147875 0.757612 0.053445 0.095418
0 0.218232 0.548326 0.048032 0.061070
0 0.377888 0.576313 0.046680 0.073792
0 0.412052 0.699725 0.052766 0.058522
0 0.090033 0.804685 0.048708 0.052163
0 0.600460 0.881657 0.065623 0.078880
0 0.918760 0.620207 0.056826 0.085243
0 0.540590 0.358758 0.048708 0.066157
0 0.071090 0.590310 0.058181 0.073788
0 0.753353 0.230257 0.041267 0.073792
0 0.033882 0.922369 0.043296 0.076336
0 0.233114 0.833313 0.052092 0.043255
0 0.196921 0.773517 0.050063 0.048347
