0 0.318354 0.360030 0.049385 0.058526
0 0.222968 0.619573 0.043972 0.053434
0 0.624139 0.805957 0.056150 0.049619
0 0.570355 0.797052 0.058181 0.069972
0 0.611960 0.851125 0.049385 0.053434
0 0.713099 0.829495 0.059534 0.050891
0 0.395815 0.604940 0.055474 0.047071
0 0.122843 0.403921 0.052092 0.064885
0 0.180685 0.370843 0.051414 0.047075
0 0.745234 0.380386 0.049385 0.048347
0 0.955630 0.308503 0.045327 0.075060
0 0.631241 0.632929 0.047356 0.044527
0 0.643419 0.491710 0.051414 0.049619
0 0.479703 0.636747 0.046003 0.044532
0 0.661685 0.326951 0.050063 0.058522
0 0.481394 0.174915 0.049385 0.044532
