0 0.790547 0.686892 0.107432 0.115739
0 0.749518 0.288398 0.059924 0.041625
0 0.467172 0.506680 0.049128 0.041625
0 0.635876 0.747300 0.060464 0.055840
0 0.666648 0.679784 0.033472 0.052792
0 0.368378 0.803646 0.034011 0.131983
0 0.380524 0.890960 0.066941 0.048733
0 0.173489 0.808216 0.090156 0.086295
0 0.167010 0.698060 0.050208 0.087314
0 0.245829 0.750852 0.026453 0.036552
0 0.284430 0.812785 0.036711 0.034522
0 0.515758 0.819890 0.025374 0.095436
0 0.489036 0.860503 0.042109 0.058884
0 0.818079 0.936648 0.037251 0.095436
0 0.956553 0.782326 0.032393 0.067011
0 0.729929 0.539355 0.040039 0.065992
0 0.771093 0.614231 0.037791 0.046534
0 0.792462 0.586736 0.029241 0.087989
0 0.895710 0.639529 0.034189 0.047378
0 0.895486 0.695370 0.025645 0.059224
0 0.553575 0.593841 0.041838 0.033843
0 0.575620 0.544770 0.040039 0.042305
0 0.515786 0.268531 0.040039 0.036382
0 0.784590 0.318873 0.032393 0.059224
0 0.791113 0.421247 0.022046 0.071070
0 0.750624 0.432668 0.030144 0.049917
0 0.404890 0.674217 0.036890 0.045689
0 0.436382 0.723712 0.018896 0.060069
0 0.448752 0.739787 0.029243 0.032998
0 0.432805 0.966940 0.058486 0.062750
0 0.749387 0.922718 0.037573 0.086501
0 0.819030 0.836827 0.036926 0.104775
