0 0.479365 0.146288 0.064268 0.063613
0 0.455011 0.402652 0.077800 0.072521
0 0.549384 0.556593 0.078474 0.092874
0 0.569679 0.643744 0.092004 0.117048
0 0.420847 0.512702 0.098770 0.106873
0 0.571033 0.347307 0.056826 0.068701
0 0.529426 0.344125 0.064268 0.072521
0 0.402242 0.356850 0.062917 0.064885
0 0.171890 0.402652 0.097417 0.077608
0 0.224658 0.461175 0.059531 0.072516
0 0.259498 0.515246 0.052092 0.053439
0 0.175273 0.749343 0.067651 0.083967
0 0.265927 0.931915 0.060886 0.064885
0 0.360299 0.860030 0.092683 0.081428
0 0.428965 0.739800 0.078477 0.092879
0 0.323767 0.743618 0.072388 0.062342
0 0.128932 0.652013 0.064270 0.077608
0 0.107621 0.606848 0.060886 0.063613
0 0.726968 0.737257 0.057505 0.049619
0 0.638345 0.487893 0.060210 0.067429
0 0.602490 0.476442 0.061563 0.062342
0 0.496616 0.672371 0.063594 0.057250
0 0.298398 0.562955 0.056826 0.049619
0 0.402581 0.657103 0.070356 0.062342
0 0.445878 0.620845 0.056829 0.058522
0 0.574077 0.869571 0.064268 0.049619
0 0.193199 0.909646 0.066975 0.073792
0 0.320385 0.471990 0.056150 0.061070
0 0.368417 0.589672 0.053445 0.054706
0 0.426936 0.571226 0.067651 0.055978
