0 0.403258 0.499343 0.060886 0.064885
0 0.477335 0.503797 0.062917 0.076336
0 0.505411 0.346671 0.059534 0.057254
0 0.404611 0.295145 0.052766 0.089059
0 0.364020 0.340946 0.066296 0.048347
0 0.359285 0.424915 0.067651 0.061070
0 0.310238 0.546416 0.054797 0.049619
0 0.375182 0.572498 0.071033 0.055978
0 0.252733 0.775425 0.057502 0.047075
0 0.381271 0.660921 0.060208 0.082695
0 0.123519 0.703542 0.068328 0.094146
0 0.151934 0.576949 0.061562 0.075064
0 0.188464 0.509522 0.061562 0.062342
0 0.242587 0.357484 0.054797 0.073792
0 0.063309 0.309139 0.068328 0.066157
0 0.112019 0.277332 0.061562 0.045803
0 0.143815 0.508248 0.052092 0.069977
0 0.138741 0.443363 0.047356 0.054706
0 0.199966 0.878478 0.042622 0.077608
0 0.025425 0.757612 0.049385 0.059798
0 0.244954 0.596671 0.059531 0.071249
0 0.187788 0.725806 0.038560 0.077608
0 0.475305 0.606214 0.049385 0.049619
0 0.487146 0.405195 0.054121 0.047075
0 0.327489 0.694635 0.048708 0.091602
0 0.403595 0.862573 0.043972 0.063613
0 0.172228 0.445907 0.041267 0.049619
0 0.459069 0.464355 0.053445 0.061070
