0 0.535515 0.287509 0.076445 0.063613
0 0.654243 0.378478 0.059531 0.054706
0 0.694158 0.407103 0.051416 0.048347
0 0.646125 0.510794 0.050063 0.059798
0 0.405963 0.290691 0.077122 0.072521
0 0.270999 0.200360 0.088623 0.067433
0 0.375858 0.466265 0.069680 0.072521
0 0.490865 0.401380 0.079153 0.080152
0 0.475645 0.472626 0.069004 0.062342
0 0.034897 0.620845 0.045327 0.124683
0 0.042338 0.557865 0.068328 0.064885
0 0.437759 0.627206 0.054121 0.063613
0 0.716144 0.453542 0.058855 0.047075
0 0.868698 0.360666 0.056829 0.064885
0 0.336283 0.402649 0.039236 0.059798
0 0.518940 0.608756 0.069004 0.062342
