0 0.306298 0.648108 0.047419 0.046786
0 0.608317 0.770914 0.049753 0.043857
0 0.946095 0.877640 0.045867 0.122810
0 0.952313 0.739481 0.047419 0.051166
0 0.115571 0.519135 0.031943 0.049068
0 0.186652 0.462447 0.035540 0.037227
0 0.953479 0.437580 0.073076 0.081873
0 0.450505 0.569890 0.107280 0.124270
0 0.078521 0.621061 0.055195 0.042397
0 0.193187 0.833049 0.054417 0.109651
0 0.544181 0.751178 0.064524 0.074559
0 0.459833 0.702932 0.057527 0.051171
0 0.435734 0.643721 0.046643 0.046781
0 0.859026 0.786267 0.066079 0.138889
0 0.658846 0.843283 0.063748 0.059945
0 0.500895 0.432835 0.035090 0.045689
0 0.365660 0.601540 0.044988 0.051612
0 0.750502 0.684219 0.027986 0.070174
0 0.716296 0.934949 0.066855 0.045326
0 0.787816 0.960535 0.071521 0.058480
0 0.844177 0.899862 0.058306 0.133039
0 0.522413 0.570622 0.087844 0.090647
0 0.680226 0.537727 0.045867 0.057016
0 0.368101 0.365213 0.052861 0.074559
0 0.131772 0.452202 0.048198 0.064330
0 0.183469 0.545767 0.048975 0.040937
0 0.148412 0.512789 0.039138 0.032998
