0 0.850432 0.190817 0.085239 0.147585
0 0.907596 0.269697 0.084563 0.104325
0 0.877831 0.466901 0.085916 0.071249
0 0.738131 0.844761 0.102830 0.099238
0 0.895758 0.742344 0.089299 0.176846
0 0.650861 0.363209 0.089299 0.067429
0 0.599108 0.457996 0.083210 0.091602
0 0.607903 0.320590 0.117036 0.111961
0 0.537545 0.174279 0.064270 0.096694
0 0.366050 0.434458 0.070356 0.118320
0 0.376874 0.337764 0.078474 0.085243
0 0.258146 0.491708 0.087268 0.090331
0 0.642405 0.856214 0.084565 0.086515
0 0.711069 0.374024 0.081182 0.078884
0 0.524691 0.547691 0.071033 0.064885
0 0.533486 0.337766 0.061562 0.077608
0 0.293662 0.034330 0.066299 0.045803
0 0.635300 0.174277 0.066299 0.063613
0 0.580842 0.157103 0.058857 0.082700
0 0.272690 0.737257 0.071709 0.067433
0 0.399874 0.804052 0.051414 0.167938
