0 0.417860 0.644387 0.035706 0.091887
0 0.551753 0.628044 0.054497 0.053893
0 0.668029 0.607280 0.064363 0.063613
0 0.678600 0.551618 0.051677 0.044174
0 0.731687 0.468567 0.052617 0.049477
0 0.673901 0.759245 0.057314 0.058315
0 0.751700 0.357332 0.049797 0.045060
0 0.758043 0.304323 0.051208 0.050363
0 0.767439 0.425365 0.038994 0.043292
0 0.599955 0.336129 0.044163 0.041524
0 0.624385 0.444803 0.043223 0.045060
0 0.674653 0.403719 0.045103 0.049477
0 0.638243 0.512833 0.044631 0.048595
0 0.708949 0.176655 0.044163 0.042410
0 0.881600 0.277817 0.039934 0.043292
0 0.911667 0.306090 0.039932 0.043292
0 0.492716 0.677755 0.045022 0.032397
0 0.390142 0.490744 0.039541 0.038283
0 0.416570 0.552959 0.041499 0.039022
0 0.536956 0.421536 0.023882 0.070684
0 0.573364 0.530503 0.039541 0.055955
0 0.773225 0.813595 0.062642 0.053747
0 0.771072 0.665976 0.038760 0.032392
0 0.714696 0.593453 0.039543 0.033131
0 0.326484 0.938209 0.054121 0.050891
0 0.384387 0.622978 0.049722 0.039757
0 0.318224 0.643960 0.043455 0.034605
0 0.698370 0.287902 0.038757 0.041230
0 0.549601 0.323244 0.034060 0.026506
0 0.838285 0.355388 0.037585 0.039757
0 0.865063 0.473338 0.037583 0.033572
0 0.942815 0.443299 0.047451 0.047709
0 0.493687 0.829839 0.038052 0.036226
0 0.646536 0.304102 0.037583 0.025771
0 0.663566 0.362633 0.036409 0.030923
