0 0.532471 0.461175 0.097417 0.097961
0 0.658640 0.496798 0.073740 0.080152
0 0.247997 0.323770 0.108918 0.085243
0 0.244615 0.383567 0.060208 0.064885
0 0.305164 0.450360 0.052769 0.081428
0 0.138065 0.451632 0.071711 0.081428
0 0.184069 0.581403 0.062239 0.066157
0 0.233453 0.630386 0.073064 0.082700
0 0.295015 0.718173 0.052769 0.062342
0 0.458394 0.814865 0.091328 0.087782
0 0.520294 0.706086 0.074417 0.073788
0 0.417802 0.678097 0.068328 0.066157
0 0.551075 0.115755 0.062917 0.063613
0 0.790560 0.385475 0.045325 0.173026
0 0.305840 0.886111 0.069004 0.067429
0 0.379241 0.888021 0.071035 0.073792
0 0.070414 0.697179 0.064944 0.094146
0 0.440803 0.531784 0.064268 0.066157
0 0.559193 0.365119 0.072385 0.068705
0 0.607903 0.305960 0.062915 0.062342
0 0.652552 0.218809 0.052092 0.071244
0 0.485454 0.309775 0.061563 0.054711
0 0.355563 0.456722 0.052092 0.048347
0 0.796987 0.238528 0.062241 0.069977
0 0.382285 0.506341 0.052769 0.050891
0 0.483424 0.585856 0.072385 0.057250
