0 0.606282 0.689529 0.087456 0.091373
0 0.497770 0.763848 0.093289 0.086501
0 0.500038 0.581100 0.036926 0.059702
0 0.429749 0.513483 0.036279 0.056047
0 0.289818 0.645670 0.034983 0.045078
0 0.244146 0.695622 0.034336 0.037764
0 0.323180 0.657854 0.029153 0.069444
0 0.219851 0.682828 0.037573 0.075537
0 0.746862 0.968120 0.140579 0.063760
0 0.804193 0.901520 0.089402 0.067006
0 0.885173 0.585973 0.051826 0.052388
0 0.351182 0.969633 0.032109 0.059164
0 0.308151 0.835852 0.038870 0.076754
0 0.380383 0.579394 0.027856 0.082847
0 0.410183 0.559291 0.023970 0.081630
0 0.094368 0.806612 0.036279 0.052388
0 0.878600 0.725652 0.044778 0.078944
