0 0.556106 0.799160 0.242549 0.143857
0 0.419441 0.725478 0.090488 0.070174
0 0.226334 0.900739 0.045710 0.191230
0 0.054220 0.884949 0.044778 0.198246
0 0.656390 0.580565 0.051306 0.038595
0 0.704432 0.665652 0.044778 0.135087
0 0.693239 0.448983 0.065300 0.084210
0 0.770201 0.538457 0.079294 0.059651
0 0.823374 0.517406 0.073696 0.094738
0 0.872351 0.664775 0.067168 0.073682
0 0.762738 0.429685 0.060637 0.080702
0 0.751077 0.464773 0.054106 0.052631
0 0.826997 0.970354 0.104946 0.056042
0 0.694208 0.367268 0.060735 0.055840
0 0.653044 0.346116 0.049487 0.038916
0 0.642697 0.387994 0.035090 0.031304
0 0.613455 0.391380 0.035991 0.056690
0 0.586687 0.459486 0.050835 0.043994
0 0.615929 0.496290 0.045437 0.056685
0 0.639773 0.489522 0.043638 0.039761
0 0.717378 0.515748 0.056685 0.043150
0 0.656643 0.532672 0.048589 0.048228
0 0.429678 0.485716 0.067031 0.049073
0 0.509532 0.444258 0.034192 0.033843
0 0.521229 0.398572 0.044089 0.043994
0 0.522354 0.334692 0.032842 0.031304
0 0.563518 0.379112 0.030591 0.030455
0 0.556320 0.417185 0.027893 0.032149
0 0.487488 0.422686 0.022495 0.031304
0 0.730027 0.959796 0.064243 0.070051
0 0.751083 0.907002 0.053445 0.092388
0 0.704656 0.852684 0.072881 0.040611
0 0.731378 0.685165 0.049666 0.048733
0 0.653098 0.628310 0.055063 0.050762
