0 0.500879 0.381295 0.059082 0.059945
0 0.586005 0.482904 0.045867 0.052631
0 0.233068 0.579394 0.050530 0.070174
0 0.282821 0.782610 0.030320 0.078949
0 0.316173 0.524029 0.046111 0.052879
0 0.353663 0.567036 0.024368 0.069803
0 0.964052 0.096354 0.066233 0.070174
0 0.341232 0.738095 0.037791 0.044839
0 0.359452 0.775321 0.033743 0.048228
0 0.433682 0.618377 0.036440 0.050767
0 0.461799 0.710597 0.040488 0.069376
0 0.376772 0.429706 0.018896 0.071065
0 0.394318 0.432665 0.016194 0.065147
0 0.340557 0.628953 0.021143 0.049917
0 0.177699 0.935650 0.031941 0.047378
0 0.321661 0.973299 0.034641 0.051612
0 0.511062 0.887424 0.042739 0.060918
0 0.385320 0.504157 0.022495 0.059224
0 0.283422 0.617530 0.031941 0.049073
0 0.409208 0.560675 0.015295 0.057530
0 0.949956 0.531758 0.059600 0.052388
