0 0.171891 0.900742 0.046003 0.045799
0 0.458732 0.346035 0.051414 0.043255
0 0.281486 0.432548 0.051414 0.048347
0 0.309561 0.657103 0.061562 0.062342
0 0.360637 0.667282 0.055474 0.092874
0 0.074811 0.481531 0.056150 0.075064
0 0.141785 0.550870 0.060210 0.061070
0 0.116416 0.760792 0.050063 0.089059
0 0.181024 0.694635 0.068328 0.058526
0 0.237850 0.533058 0.053445 0.081423
0 0.221276 0.412192 0.067649 0.061070
0 0.402244 0.464991 0.061563 0.057254
0 0.503719 0.258884 0.057502 0.041983
0 0.429979 0.255702 0.054797 0.055978
0 0.373491 0.377206 0.058179 0.057250
0 0.446554 0.674279 0.043298 0.068705
0 0.219585 0.741710 0.043975 0.068701
0 0.091385 0.538783 0.054119 0.059798
0 0.018660 0.830769 0.033149 0.117048
0 0.378226 0.556596 0.044651 0.080152
0 0.656273 0.472624 0.046003 0.047075
0 0.323091 0.326315 0.043975 0.052163
0 0.578135 0.437002 0.048032 0.036896
0 0.350828 0.480259 0.048032 0.054706
0 0.489851 0.527332 0.048711 0.052167
0 0.058912 0.412828 0.051414 0.062342
0 0.029823 0.716901 0.056829 0.064885
0 0.089695 0.936366 0.058857 0.068701
0 0.291294 0.897562 0.046680 0.057254
