0 0.447231 0.461809 0.110947 0.101781
0 0.605535 0.452904 0.067651 0.061070
0 0.652891 0.344764 0.056826 0.066157
0 0.722233 0.435730 0.068328 0.072516
0 0.831827 0.360030 0.072385 0.071244
0 0.905568 0.468809 0.054797 0.059793
0 0.516234 0.516520 0.062239 0.073792
0 0.741176 0.676187 0.065623 0.052163
0 0.595049 0.596035 0.043975 0.049619
0 0.643081 0.554050 0.049385 0.036896
0 0.350490 0.464355 0.051414 0.071244
0 0.831489 0.561683 0.054121 0.052163
0 0.817283 0.494254 0.066299 0.057250
0 0.620757 0.304050 0.062915 0.076336
