0 0.306178 0.393111 0.077800 0.063613
0 0.197598 0.477713 0.070356 0.092874
0 0.264911 0.589036 0.066975 0.053434
0 0.114049 0.624660 0.071033 0.078880
0 0.126902 0.536237 0.061563 0.080152
0 0.171213 0.402649 0.054121 0.041983
0 0.172567 0.306593 0.071711 0.073792
0 0.066354 0.303414 0.062239 0.062337
0 0.138741 0.771607 0.050061 0.041983
0 0.156331 0.808501 0.058179 0.052163
0 0.514205 0.698450 0.052766 0.063613
0 0.496278 0.564229 0.064270 0.059798
0 0.627860 0.510792 0.046003 0.044532
0 0.478689 0.395016 0.045327 0.047075
0 0.363344 0.278604 0.044651 0.043260
0 0.398184 0.230259 0.042622 0.045799
0 0.357931 0.614481 0.039236 0.053434
0 0.372137 0.536876 0.043298 0.043255
0 0.265927 0.435094 0.047356 0.043255
0 0.042677 0.605576 0.062239 0.071244
0 0.076840 0.759520 0.039915 0.071244
