0 0.857874 0.300870 0.124478 0.125955
0 0.694834 0.344125 0.062241 0.047075
0 0.683334 0.452268 0.051414 0.064885
0 0.757073 0.280512 0.054121 0.049619
0 0.762485 0.353033 0.054121 0.054706
0 0.795297 0.410285 0.052092 0.062342
0 0.561561 0.255702 0.064944 0.053434
0 0.535515 0.440184 0.072388 0.053434
0 0.602152 0.391837 0.044651 0.045803
0 0.397506 0.475170 0.083210 0.067429
0 0.403933 0.386747 0.066299 0.055983
0 0.319708 0.353030 0.079153 0.064885
0 0.279795 0.421736 0.061562 0.059798
0 0.281147 0.521607 0.050737 0.043260
0 0.319708 0.560411 0.057502 0.041988
0 0.331210 0.602397 0.054797 0.047071
0 0.393785 0.597943 0.048708 0.040716
0 0.485792 0.534966 0.044651 0.047075
0 0.156669 0.469444 0.053445 0.055978
0 0.145505 0.637383 0.041943 0.033076
0 0.169861 0.687638 0.052769 0.049619
0 0.553781 0.810411 0.041267 0.114504
0 0.571371 0.337128 0.053445 0.045799
0 0.182037 0.584584 0.036531 0.054706
