0 0.554301 0.678244 0.053557 0.058315
0 0.602783 0.602440 0.078364 0.063613
0 0.683683 0.575932 0.050740 0.048770
0 0.669871 0.898770 0.093022 0.058310
0 0.691858 0.842578 0.060322 0.066791
0 0.743159 0.833037 0.047920 0.043466
0 0.479602 0.634245 0.042847 0.065735
0 0.521320 0.656511 0.048484 0.078457
0 0.401521 0.480514 0.060322 0.050891
0 0.263682 0.600317 0.050737 0.055133
0 0.479320 0.511260 0.038899 0.044532
0 0.404059 0.908843 0.073289 0.050891
0 0.636045 0.754580 0.045664 0.047709
0 0.861267 0.632126 0.057505 0.048770
0 0.534850 0.488997 0.037209 0.038168
0 0.232393 0.484754 0.047920 0.053007
0 0.828287 0.588655 0.042283 0.048770
