0 0.192592 0.482633 0.063142 0.067856
0 0.125504 0.456657 0.072161 0.060432
0 0.097035 0.481573 0.054685 0.044532
0 0.124376 0.599789 0.046228 0.062553
0 0.161022 0.652270 0.062014 0.061492
0 0.083787 0.801761 0.064268 0.067856
0 0.138190 0.821903 0.067087 0.061492
0 0.094497 0.710051 0.042847 0.056189
0 0.288712 0.703689 0.052429 0.066791
0 0.654310 0.727013 0.059758 0.056194
0 0.328457 0.438104 0.040591 0.044527
0 0.304216 0.473623 0.042847 0.039229
0 0.398364 0.341623 0.038335 0.038168
0 0.199921 0.345865 0.037209 0.038168
0 0.169760 0.540946 0.056941 0.053012
0 0.312672 0.256807 0.038337 0.046653
0 0.354673 0.273239 0.037773 0.045588
0 0.300270 0.365480 0.043972 0.049830
0 0.282794 0.596607 0.047356 0.047713
0 0.288712 0.314059 0.043411 0.044527
0 0.427679 0.426972 0.043972 0.047709
0 0.281947 0.527693 0.037771 0.045588
