0 0.178656 0.611940 0.098772 0.117048
0 0.279117 0.746162 0.073738 0.067429
0 0.212142 0.745526 0.068328 0.122135
0 0.084958 0.877840 0.106211 0.089059
0 0.292986 0.597943 0.062241 0.078880
0 0.157007 0.547055 0.093359 0.089059
0 0.351505 0.428730 0.056150 0.086515
0 0.414758 0.568682 0.055474 0.073792
0 0.603844 0.805321 0.056150 0.081423
0 0.671494 0.213083 0.056152 0.059793
0 0.784811 0.230259 0.073064 0.066157
0 0.603843 0.409013 0.046680 0.044527
0 0.500675 0.928095 0.069006 0.085243
0 0.701261 0.756341 0.084563 0.062342
0 0.540928 0.685092 0.045327 0.085243
0 0.841299 0.648198 0.039912 0.120868
