0 0.208237 0.903721 0.214561 0.189472
0 0.630626 0.965944 0.094065 0.061400
0 0.342603 0.716676 0.051309 0.042397
0 0.654805 0.333170 0.035630 0.085285
0 0.588402 0.505562 0.038870 0.076754
0 0.630510 0.529931 0.050532 0.052388
0 0.860813 0.731563 0.053770 0.043861
0 0.601682 0.745574 0.060249 0.045078
0 0.567346 0.725471 0.049883 0.043861
0 0.292667 0.637142 0.034333 0.035331
0 0.355508 0.954516 0.035630 0.073099
0 0.497058 0.849130 0.037573 0.084063
0 0.896768 0.408705 0.033687 0.063352
0 0.432917 0.655349 0.029243 0.031304
