0 0.679991 0.167406 0.035759 0.086253
0 0.724304 0.328225 0.029541 0.059940
0 0.620909 0.488310 0.038870 0.096492
0 0.838010 0.563434 0.025913 0.036547
0 0.762784 0.486120 0.025652 0.057016
0 0.664716 0.895427 0.040813 0.035335
0 0.717838 0.852176 0.044700 0.051166
0 0.836390 0.919183 0.030447 0.048733
0 0.876881 0.906391 0.038870 0.040202
0 0.510857 0.971166 0.040166 0.057668
0 0.530939 0.908827 0.041462 0.035331
0 0.747961 0.805271 0.036279 0.030459
0 0.637506 0.911876 0.033040 0.031676
0 0.437328 0.834511 0.034333 0.030455
0 0.406555 0.960608 0.022026 0.073099
0 0.847079 0.849130 0.034983 0.040207
0 0.857445 0.812580 0.032390 0.037769
0 0.821815 0.629832 0.028503 0.069444
0 0.850967 0.548813 0.023320 0.046295
