0 0.436069 0.571226 0.088623 0.083967
0 0.528074 0.498069 0.077798 0.080152
0 0.594371 0.460537 0.065623 0.076336
0 0.609594 0.323134 0.050061 0.083972
0 0.521309 0.295781 0.064268 0.069972
0 0.510823 0.248069 0.052769 0.061070
0 0.512175 0.178733 0.055474 0.059798
0 0.419833 0.104304 0.068328 0.076331
0 0.454673 0.269697 0.052769 0.053434
0 0.452305 0.311683 0.064268 0.068701
0 0.332223 0.368299 0.075769 0.085239
0 0.313619 0.516517 0.092683 0.086515
0 0.142800 0.464355 0.078477 0.068701
0 0.357255 0.929369 0.092004 0.110684
0 0.601476 0.931276 0.074417 0.073792
0 0.279795 0.867027 0.089976 0.072521
0 0.301105 0.769063 0.086594 0.087787
0 0.239203 0.793237 0.066975 0.064885
0 0.355225 0.662192 0.070356 0.059793
0 0.407654 0.696543 0.061562 0.062342
0 0.466511 0.695271 0.068330 0.062342
0 0.622786 0.626568 0.076445 0.075064
0 0.435054 0.481531 0.051416 0.057250
0 0.490865 0.378476 0.058855 0.062342
0 0.175272 0.553414 0.050061 0.048343
0 0.095782 0.700360 0.064270 0.067433
0 0.082252 0.606850 0.045325 0.053434
0 0.042000 0.624660 0.043296 0.078880
0 0.743882 0.506341 0.048032 0.048347
0 0.695510 0.541963 0.054121 0.063613
0 0.462452 0.886749 0.069680 0.050891
