0 0.653905 0.374660 0.073738 0.085243
0 0.941084 0.740436 0.117715 0.145041
0 0.718512 0.960537 0.078474 0.076336
0 0.619065 0.924915 0.058179 0.096690
0 0.315649 0.783058 0.052090 0.062342
0 0.279456 0.898834 0.048711 0.097961
0 0.500337 0.763974 0.050737 0.057250
0 0.576106 0.592854 0.052090 0.094146
0 0.608917 0.524789 0.036531 0.092874
0 0.658302 0.621478 0.031121 0.087787
0 0.792252 0.300870 0.050061 0.080152
0 0.856521 0.242346 0.040591 0.090331
0 0.935673 0.144380 0.060886 0.141221
0 0.780751 0.161556 0.060886 0.061065
0 0.194893 0.647562 0.066299 0.081423
0 0.174596 0.586492 0.074417 0.081423
0 0.401904 0.540691 0.044648 0.058526
0 0.488837 0.261428 0.037209 0.095418
0 0.252057 0.632293 0.050740 0.066157
0 0.114049 0.736621 0.054797 0.045803
0 0.207069 0.467534 0.050061 0.041983
0 0.697540 0.680002 0.050061 0.052163
0 0.671156 0.718809 0.047356 0.071244
0 0.096121 0.686366 0.043296 0.044532
0 0.455011 0.950360 0.030442 0.086515
