0 0.367740 0.702904 0.065623 0.072521
0 0.359623 0.758884 0.057502 0.062342
0 0.265588 0.754431 0.061563 0.053434
0 0.221952 0.666010 0.059534 0.062342
0 0.253748 0.480895 0.069004 0.071249
0 0.101533 0.457358 0.064946 0.059793
0 0.161066 0.567410 0.048708 0.048347
0 0.374845 0.613209 0.047356 0.033076
0 0.388036 0.582039 0.058855 0.064885
0 0.436407 0.468173 0.062239 0.058522
0 0.508455 0.552142 0.064268 0.055983
0 0.562914 0.512700 0.048708 0.050891
0 0.586593 0.548962 0.060886 0.067429
0 0.611284 0.627204 0.050737 0.048347
0 0.567650 0.212447 0.063591 0.076336
0 0.444863 0.365117 0.060210 0.061070
