0 0.204785 0.256001 0.053174 0.170174
0 0.540621 0.198985 0.079294 0.178944
0 0.630176 0.371791 0.090488 0.103508
0 0.624579 0.776178 0.096086 0.084210
0 0.707605 0.422670 0.066235 0.075441
0 0.134821 0.607757 0.068098 0.070179
0 0.170270 0.835829 0.056907 0.185964
0 0.098905 0.337583 0.046643 0.045615
0 0.111498 0.158634 0.043845 0.108774
0 0.291543 0.133196 0.060635 0.096492
0 0.394626 0.327055 0.035449 0.070179
0 0.503772 0.455126 0.059702 0.052631
0 0.335229 0.742833 0.058306 0.083251
0 0.288533 0.797656 0.063164 0.044669
0 0.273147 0.869233 0.028071 0.116758
0 0.312286 0.561100 0.040491 0.056855
0 0.318495 0.608815 0.045349 0.028430
0 0.256410 0.373783 0.030232 0.057870
0 0.164905 0.347893 0.039409 0.079192
0 0.254252 0.708820 0.047507 0.041625
0 0.318765 0.665165 0.054526 0.055840
