0 0.616359 0.492982 0.051414 0.047075
0 0.566635 0.526697 0.053445 0.048343
0 0.426935 0.587128 0.060886 0.052163
0 0.421185 0.729621 0.052092 0.052163
0 0.708702 0.620207 0.043972 0.085243
0 0.704982 0.700996 0.059534 0.073792
0 0.806796 0.764610 0.054797 0.063609
0 0.872418 0.714993 0.042620 0.063613
0 0.957321 0.506341 0.048708 0.045803
0 0.689083 0.510156 0.042620 0.045803
0 0.079546 0.646288 0.048032 0.094146
0 0.315311 0.507612 0.050061 0.076336
0 0.270323 0.613845 0.057502 0.047075
0 0.574077 0.437002 0.045327 0.049614
0 0.177640 0.777968 0.052092 0.080152
0 0.285206 0.721354 0.042620 0.073792
0 0.668788 0.592854 0.042620 0.063613
