0 0.568326 0.287509 0.064944 0.061070
0 0.439113 0.546416 0.109597 0.113228
0 0.522323 0.676189 0.087947 0.090331
0 0.575092 0.620209 0.078474 0.075064
0 0.613314 0.508884 0.057502 0.071249
0 0.632256 0.583313 0.045327 0.049619
0 0.654581 0.631022 0.052092 0.071244
0 0.683334 0.442091 0.050061 0.085239
0 0.880874 0.518427 0.069004 0.069977
0 0.810518 0.398198 0.063594 0.099233
0 0.213157 0.306593 0.054121 0.081423
0 0.236836 0.188912 0.040591 0.064885
0 0.286560 0.449086 0.060210 0.050891
0 0.298735 0.321224 0.046680 0.049619
0 0.383300 0.278604 0.053445 0.071249
0 0.406978 0.440820 0.048032 0.054706
0 0.493572 0.415374 0.050737 0.077608
0 0.466849 0.437002 0.048708 0.054711
0 0.336959 0.597307 0.052766 0.054706
0 0.323767 0.276697 0.052090 0.052163
0 0.467865 0.289419 0.042620 0.067433
0 0.572723 0.526697 0.037209 0.078884
