0 0.150592 0.470971 0.095276 0.074219
0 0.258270 0.547835 0.065959 0.049830
0 0.294913 0.507551 0.051301 0.073154
0 0.318309 0.477863 0.047356 0.049830
0 0.343397 0.531935 0.051301 0.051951
0 0.388779 0.543067 0.042847 0.057254
0 0.350444 0.562679 0.048481 0.051951
0 0.207814 0.757231 0.072161 0.053012
0 0.077585 0.766242 0.080054 0.071033
0 0.122686 0.592367 0.072163 0.058315
0 0.197665 0.583884 0.062014 0.066795
0 0.265599 0.595546 0.040027 0.043471
0 0.369330 0.851589 0.069343 0.078457
0 0.366511 0.743978 0.045664 0.056194
0 0.309008 0.724894 0.043411 0.054068
0 0.273772 0.816072 0.054121 0.056194
0 0.053062 0.546247 0.056938 0.069977
0 0.083787 0.494828 0.056377 0.049830
0 0.091960 0.391983 0.046792 0.037107
0 0.219370 0.424323 0.049048 0.038168
0 0.243612 0.485282 0.050173 0.047709
0 0.167223 0.539885 0.048484 0.042406
0 0.127759 0.666582 0.043975 0.049830
0 0.288431 0.305579 0.048484 0.048770
0 0.344243 0.432273 0.045103 0.064674
0 0.139598 0.373960 0.047356 0.043466
0 0.434445 0.248854 0.036082 0.051951
0 0.442338 0.340565 0.029314 0.044527
0 0.463197 0.418489 0.034954 0.045592
0 0.263062 0.362298 0.040591 0.045588
0 0.333251 0.377670 0.041155 0.036047
