0 0.546979 0.570916 0.050530 0.100877
0 0.565636 0.716382 0.064524 0.163747
0 0.487509 0.809949 0.057527 0.102342
0 0.379451 0.687144 0.035762 0.125730
0 0.272559 0.624277 0.044312 0.078949
0 0.349521 0.501469 0.048975 0.084793
0 0.832284 0.766090 0.072297 0.067250
0 0.936455 0.860388 0.059858 0.106726
0 0.947339 0.729539 0.055195 0.052631
0 0.060331 0.450301 0.031873 0.125735
0 0.078209 0.326033 0.024099 0.070174
0 0.102698 0.433487 0.023320 0.074559
0 0.088705 0.358928 0.031096 0.080409
0 0.763484 0.921791 0.052861 0.057016
0 0.779420 0.652055 0.045867 0.038012
0 0.763873 0.769743 0.061414 0.048246
