0 0.457716 0.324408 0.107566 0.155216
0 0.438098 0.505705 0.052090 0.054706
0 0.828445 0.661554 0.092681 0.089059
0 0.871404 0.796416 0.077124 0.081428
0 0.856859 0.217537 0.039915 0.109417
0 0.233453 0.851123 0.035178 0.119591
0 0.127241 0.625298 0.069004 0.062342
0 0.287573 0.447181 0.039238 0.067429
0 0.249352 0.640565 0.039915 0.057254
0 0.065339 0.893744 0.064268 0.077608
0 0.136711 0.946543 0.058179 0.096694
0 0.182715 0.957994 0.037886 0.076336
0 0.031852 0.664736 0.044651 0.054706
0 0.349474 0.722626 0.041267 0.045803
0 0.916392 0.698453 0.043975 0.083967
