0 0.543972 0.153923 0.056826 0.096690
0 0.800032 0.293235 0.045327 0.080152
0 0.557841 0.494890 0.045325 0.048347
0 0.400552 0.535601 0.058179 0.050891
0 0.382625 0.490438 0.058857 0.052163
0 0.264911 0.476442 0.052092 0.072516
0 0.065339 0.721990 0.057505 0.072521
0 0.139757 0.753159 0.054797 0.053434
0 0.107622 0.906467 0.051416 0.054706
0 0.082590 0.764610 0.041943 0.053434
0 0.076503 0.571862 0.051414 0.062337
0 0.156669 0.608120 0.043972 0.038168
0 0.237512 0.746162 0.046001 0.047071
0 0.198950 0.746164 0.051416 0.049619
0 0.332562 0.734075 0.045325 0.068701
0 0.394125 0.758884 0.052092 0.057254
0 0.290281 0.627840 0.041943 0.052163
0 0.101871 0.690817 0.046677 0.045803
0 0.747601 0.661554 0.047356 0.063613
0 0.560547 0.612576 0.050737 0.064885
