0 0.454333 0.368935 0.048032 0.081423
0 0.572385 0.477080 0.066299 0.104325
0 0.570017 0.326951 0.043975 0.081423
0 0.465835 0.902649 0.069683 0.064885
0 0.644773 0.844764 0.066299 0.061070
0 0.749631 0.771607 0.062241 0.057254
0 0.901847 0.532422 0.050061 0.082695
0 0.785149 0.457994 0.050737 0.083967
0 0.759441 0.542599 0.041270 0.069972
0 0.059250 0.351761 0.061562 0.120868
0 0.339327 0.164102 0.068328 0.091602
0 0.401566 0.534330 0.058855 0.096694
0 0.251719 0.316775 0.051416 0.063613
0 0.150580 0.543235 0.053445 0.086515
0 0.296368 0.495526 0.043298 0.072521
0 0.683333 0.531786 0.040591 0.055978
0 0.533824 0.426825 0.052766 0.080152
