0 0.614464 0.661175 0.065623 0.055978
0 0.864436 0.902906 0.081182 0.076336
0 0.909762 0.874915 0.056829 0.063613
0 0.819785 0.663083 0.051416 0.064890
0 0.916527 0.539036 0.066296 0.076336
0 0.798137 0.479878 0.050063 0.054706
0 0.841095 0.517410 0.054797 0.048347
0 0.712897 0.920716 0.077122 0.119596
0 0.751796 0.762319 0.056150 0.064885
0 0.578610 0.915629 0.053445 0.053434
0 0.517385 0.893363 0.064946 0.057250
0 0.624950 0.827842 0.051414 0.053434
0 0.721016 0.694254 0.066299 0.058526
0 0.477133 0.705067 0.062917 0.054706
0 0.489647 0.588019 0.062239 0.049619
0 0.591124 0.523772 0.059534 0.066157
0 0.513325 0.642091 0.052769 0.058526
0 0.555270 0.675806 0.048708 0.044532
0 0.572859 0.318937 0.047354 0.040712
0 0.389524 0.577842 0.046001 0.039440
0 0.204160 0.558756 0.052769 0.064885
0 0.585035 0.825934 0.060886 0.077608
0 0.493706 0.838655 0.069004 0.062342
0 0.368552 0.961430 0.071709 0.063613
0 0.400010 0.660539 0.052090 0.052163
0 0.581316 0.572753 0.046680 0.034348
