0 0.613992 0.397560 0.076445 0.100510
0 0.576106 0.589036 0.088623 0.226465
0 0.724939 0.386747 0.089976 0.081428
0 0.894067 0.274787 0.112979 0.111961
0 0.764852 0.253159 0.083210 0.111956
0 0.602828 0.298962 0.087947 0.078880
0 0.493572 0.328859 0.087271 0.077608
0 0.499998 0.283694 0.081182 0.073788
0 0.777706 0.789419 0.111624 0.128499
0 0.782781 0.706722 0.127183 0.100505
0 0.850431 0.377842 0.077122 0.101781
0 0.604858 0.085856 0.069004 0.080152
0 0.344063 0.270335 0.062915 0.069972
0 0.412728 0.096035 0.071711 0.069977
0 0.530104 0.555960 0.079153 0.096694
0 0.771617 0.592854 0.079153 0.081428
0 0.564268 0.737257 0.092007 0.085239
0 0.422538 0.395016 0.068328 0.075064
0 0.370785 0.814229 0.081179 0.078880
0 0.468879 0.754433 0.098770 0.094146
0 0.513529 0.075044 0.060886 0.058526
0 0.445878 0.517153 0.073064 0.113232
0 0.949203 0.522243 0.077122 0.075064
0 0.247998 0.214355 0.073740 0.067433
0 0.494586 0.211173 0.060886 0.066157
0 0.887301 0.062957 0.071033 0.059798
0 0.935333 0.041327 0.071033 0.047071
0 0.812886 0.083313 0.058857 0.049619
0 0.847726 0.117663 0.052766 0.049614
