0 0.518264 0.254431 0.054121 0.048347
0 0.390066 0.309139 0.057505 0.078884
0 0.514205 0.513338 0.074417 0.085243
0 0.478113 0.962576 0.080708 0.070230
0 0.534945 0.860558 0.067532 0.055836
0 0.598431 0.671352 0.058181 0.049619
0 0.530104 0.676442 0.056829 0.044527
0 0.639698 0.509775 0.050061 0.059798
0 0.876139 0.597562 0.057502 0.062342
0 0.751323 0.695526 0.052769 0.049619
0 0.646125 0.820843 0.043975 0.061070
0 0.688069 0.795399 0.049385 0.045803
0 0.680627 0.691072 0.046680 0.055983
0 0.677583 0.643999 0.046001 0.045803
0 0.712085 0.567027 0.050063 0.052163
0 0.759779 0.485601 0.050740 0.062342
0 0.727645 0.446162 0.048708 0.039440
0 0.602152 0.390181 0.053445 0.052163
0 0.426936 0.512955 0.058857 0.061070
0 0.207745 0.508503 0.052092 0.064885
0 0.382961 0.666901 0.060210 0.055978
0 0.548030 0.595016 0.061562 0.072521
0 0.655258 0.587383 0.060886 0.057254
0 0.803414 0.345018 0.051414 0.048347
0 0.687731 0.329750 0.052766 0.048343
0 0.309222 0.630640 0.053445 0.057250
0 0.190833 0.659265 0.075093 0.071249
0 0.187788 0.324024 0.067651 0.072521
0 0.104916 0.285220 0.062917 0.073792
0 0.316664 0.547943 0.056150 0.057254
