0 0.543296 0.618299 0.052769 0.058526
0 0.465159 0.798326 0.091328 0.103053
0 0.646124 0.831405 0.102830 0.085243
0 0.750647 0.592856 0.088623 0.076336
0 0.551753 0.497433 0.088623 0.073792
0 0.626168 0.329497 0.066975 0.063613
0 0.474630 0.342856 0.069680 0.062342
0 0.371801 0.459901 0.081858 0.100510
0 0.427950 0.612573 0.085916 0.077608
0 0.496954 0.734711 0.065623 0.044527
0 0.563252 0.758248 0.071035 0.061070
0 0.867344 0.791963 0.079829 0.080152
0 0.804091 0.731531 0.076448 0.068701
0 0.651199 0.669826 0.077798 0.067429
0 0.655935 0.522879 0.064268 0.053434
0 0.927216 0.691453 0.058855 0.072521
0 0.337974 0.564865 0.052090 0.068701
0 0.314635 0.239164 0.047356 0.053434
0 0.727983 0.326315 0.058179 0.052163
0 0.752676 0.849217 0.060210 0.052163
0 0.546001 0.409646 0.058179 0.050891
0 0.367402 0.325041 0.071709 0.044527
0 0.267279 0.554685 0.063591 0.058526
0 0.331885 0.513974 0.058857 0.073788
