0 0.731703 0.423007 0.095388 0.118320
0 0.788192 0.548324 0.071711 0.094151
0 0.678259 0.626570 0.050737 0.069972
0 0.246307 0.330131 0.090652 0.077608
0 0.055530 0.431276 0.064946 0.068705
0 0.063987 0.350487 0.046680 0.064885
0 0.085636 0.544506 0.054797 0.061070
0 0.302457 0.415372 0.044651 0.059798
0 0.639021 0.461811 0.049385 0.061070
0 0.231761 0.834584 0.050740 0.063613
0 0.284868 0.718806 0.056826 0.076336
0 0.394463 0.597307 0.046001 0.077608
0 0.491881 0.765246 0.073064 0.100510
0 0.056884 0.917918 0.039236 0.085239
