0 0.337637 0.599217 0.081182 0.089059
0 0.449260 0.584584 0.075771 0.069977
0 0.517926 0.459265 0.060208 0.071249
0 0.753352 0.409646 0.091328 0.129770
0 0.609255 0.742982 0.057505 0.063613
0 0.507440 0.730893 0.067649 0.052163
0 0.556825 0.707358 0.050061 0.055983
0 0.374845 0.888655 0.060886 0.062342
0 0.448246 0.727080 0.056150 0.062342
0 0.447906 0.640565 0.059534 0.059798
0 0.039631 0.627206 0.060210 0.066157
0 0.645448 0.685730 0.046003 0.055978
0 0.626506 0.583949 0.046001 0.040716
0 0.574753 0.564865 0.038560 0.055983
0 0.391418 0.461173 0.043975 0.052163
0 0.609932 0.501887 0.046680 0.052167
0 0.721556 0.687002 0.042620 0.050891
0 0.264573 0.743616 0.043296 0.049619
0 0.092739 0.806596 0.041943 0.063613
0 0.437083 0.302778 0.044648 0.058522
0 0.469894 0.430640 0.052092 0.057250
0 0.087665 0.686366 0.052092 0.054706
