0 0.410360 0.281148 0.080505 0.078880
0 0.605873 0.313590 0.084563 0.064885
0 0.677583 0.217534 0.088623 0.076336
0 0.474968 0.523517 0.069004 0.059798
0 0.624814 0.361302 0.073740 0.066157
0 0.658641 0.519697 0.066975 0.064885
0 0.370447 0.548960 0.073740 0.049619
0 0.421185 0.662828 0.065623 0.068705
0 0.307531 0.623388 0.069680 0.068705
0 0.242585 0.588400 0.092681 0.077608
0 0.258822 0.526058 0.058855 0.052163
0 0.298398 0.483439 0.056826 0.066162
0 0.194553 0.751887 0.042622 0.071249
0 0.603844 0.853033 0.066975 0.067433
0 0.632933 0.802142 0.043972 0.085239
0 0.575092 0.442091 0.050061 0.049619
0 0.041324 0.475806 0.047356 0.076331
0 0.116416 0.575044 0.051416 0.058526
0 0.747939 0.459265 0.062915 0.058522
0 0.511838 0.720716 0.049385 0.041983
0 0.504397 0.337764 0.048032 0.044527
