0 0.403258 0.754431 0.100125 0.155216
0 0.512853 0.563593 0.058181 0.111961
0 0.556488 0.524151 0.053445 0.055978
0 0.540590 0.347943 0.060886 0.052167
0 0.262205 0.519063 0.049385 0.053434
0 0.229055 0.490436 0.050737 0.057254
0 0.418817 0.173643 0.060886 0.072521
0 0.429303 0.526061 0.066975 0.069972
0 0.450951 0.465627 0.039915 0.061070
0 0.455687 0.416010 0.053445 0.053434
0 0.785487 0.474534 0.036531 0.066157
0 0.800370 0.395016 0.040588 0.069977
0 0.762485 0.286240 0.041943 0.076336
0 0.087327 0.351123 0.051416 0.094146
0 0.749293 0.641834 0.049387 0.049619
0 0.707687 0.597307 0.047356 0.067433
