0 0.781562 0.633186 0.061563 0.050891
0 0.761268 0.742599 0.066975 0.053434
0 0.684146 0.881912 0.076445 0.059793
0 0.682454 0.812573 0.079829 0.081428
0 0.483221 0.799853 0.072385 0.073792
0 0.495398 0.722243 0.052090 0.061070
0 0.875598 0.787128 0.060210 0.066157
0 0.622583 0.731148 0.064268 0.055978
0 0.667909 0.679624 0.057502 0.062342
0 0.741648 0.683439 0.050737 0.057254
0 0.586727 0.827842 0.060208 0.076336
0 0.566432 0.541582 0.050740 0.048343
0 0.842787 0.703795 0.052766 0.054706
0 0.875936 0.733694 0.041946 0.040712
0 0.795093 0.887002 0.048032 0.041983
0 0.296842 0.642727 0.052766 0.057254
0 0.200101 0.635094 0.058181 0.069977
0 0.710192 0.585475 0.046003 0.047075
0 0.731840 0.458884 0.059534 0.055978
0 0.936145 0.914355 0.066299 0.086515
