0 0.721737 0.584415 0.070471 0.061492
0 0.687911 0.671352 0.064832 0.055129
0 0.636045 0.689906 0.051304 0.077397
0 0.585024 0.651740 0.051865 0.066795
0 0.484111 0.474151 0.067651 0.055133
0 0.392219 0.616221 0.055249 0.048770
0 0.357548 0.502247 0.047917 0.056194
0 0.472708 0.913733 0.076670 0.064426
0 0.639231 0.956169 0.050298 0.066469
0 0.634882 0.876919 0.053015 0.049082
0 0.783976 0.890976 0.090671 0.068030
0 0.796660 0.841058 0.060605 0.053007
0 0.613269 0.490480 0.043408 0.044532
0 0.655269 0.498962 0.038335 0.046648
0 0.690786 0.822328 0.048481 0.055133
0 0.748853 0.759245 0.054121 0.049830
0 0.653015 0.793701 0.052993 0.048770
0 0.939528 0.611047 0.053445 0.043260
0 0.822491 0.574153 0.043972 0.040712
0 0.691249 0.485730 0.043972 0.036896
0 0.484417 0.558333 0.036802 0.050064
