0 0.540807 0.646880 0.032649 0.110528
0 0.572524 0.320562 0.038247 0.089472
0 0.749771 0.903019 0.030786 0.078949
0 0.739313 0.717144 0.025374 0.072084
0 0.717720 0.648616 0.028613 0.058884
0 0.680469 0.873496 0.038330 0.047718
0 0.700641 0.771818 0.027493 0.030551
0 0.600978 0.896003 0.055974 0.043861
0 0.683613 0.795611 0.033428 0.032314
0 0.687676 0.729219 0.032178 0.037016
0 0.656949 0.391616 0.041047 0.070174
0 0.942375 0.836217 0.032393 0.057264
0 0.684540 0.596205 0.020730 0.054826
0 0.390254 0.856811 0.016870 0.069803
0 0.305338 0.965388 0.021746 0.062750
0 0.444614 0.919913 0.037866 0.056400
0 0.459236 0.849759 0.024370 0.045826
0 0.809487 0.564063 0.032178 0.025849
0 0.813392 0.527635 0.024368 0.030551
0 0.776888 0.649325 0.031311 0.029440
0 0.759531 0.836446 0.030303 0.029376
0 0.748596 0.802075 0.037803 0.027612
0 0.700853 0.579897 0.023171 0.053365
0 0.758688 0.735801 0.034993 0.037011
