0 0.502629 0.653590 0.045996 0.053609
0 0.494531 0.962436 0.057007 0.074320
0 0.441652 0.789970 0.034866 0.033843
0 0.572306 0.696554 0.034490 0.037369
0 0.741874 0.907645 0.021746 0.138898
0 0.389594 0.838065 0.029153 0.042640
0 0.590410 0.952078 0.037573 0.087718
0 0.635740 0.736529 0.044238 0.038072
0 0.598624 0.780948 0.039739 0.031024
0 0.695963 0.566515 0.037791 0.031304
0 0.721382 0.704419 0.046338 0.027920
0 0.963119 0.604775 0.025188 0.071928
0 0.920907 0.845037 0.039646 0.036547
0 0.584104 0.133570 0.019434 0.065992
0 0.532279 0.105650 0.021594 0.054826
0 0.302565 0.593616 0.038616 0.033136
0 0.286818 0.544261 0.033367 0.031726
0 0.343990 0.588329 0.016497 0.067686
0 0.329183 0.648962 0.028118 0.057815
0 0.365735 0.602078 0.033740 0.030317
0 0.403226 0.536860 0.038240 0.039486
0 0.285931 0.797351 0.060896 0.173003
0 0.306985 0.465969 0.042109 0.095032
0 0.386992 0.511655 0.041460 0.059702
0 0.426185 0.428811 0.031746 0.037769
0 0.496475 0.509828 0.053120 0.060914
0 0.618590 0.541504 0.055066 0.053604
0 0.640293 0.843039 0.068672 0.074316
0 0.737792 0.564651 0.044700 0.034114
0 0.633167 0.630443 0.044053 0.031676
0 0.418971 0.673992 0.040491 0.043007
