0 0.491880 0.220719 0.081182 0.077608
0 0.513190 0.467537 0.069680 0.054706
0 0.670818 0.263974 0.071035 0.067433
0 0.731704 0.186364 0.083213 0.062342
0 0.303134 0.478352 0.087947 0.081423
0 0.367402 0.553414 0.071709 0.063613
0 0.425244 0.456722 0.073740 0.066162
0 0.473276 0.612573 0.057505 0.047075
0 0.198950 0.527968 0.055474 0.053439
0 0.187788 0.459268 0.050737 0.068701
0 0.101871 0.349851 0.054797 0.068701
0 0.030161 0.732167 0.054800 0.072516
0 0.252733 0.636747 0.037209 0.069977
0 0.333915 0.437002 0.056150 0.054711
0 0.688746 0.444635 0.062239 0.052163
0 0.784810 0.389929 0.056826 0.052163
0 0.653905 0.744254 0.064270 0.068701
0 0.683672 0.689545 0.043975 0.076336
0 0.660670 0.485347 0.061565 0.057250
0 0.091724 0.483439 0.049385 0.066162
