0 0.549384 0.256977 0.113655 0.089059
0 0.468540 0.369571 0.089976 0.077608
0 0.512177 0.550234 0.087947 0.069972
0 0.588284 0.627206 0.073740 0.063613
0 0.629213 0.580767 0.075769 0.064885
0 0.398184 0.588400 0.084565 0.075064
0 0.284530 0.626570 0.064270 0.067429
0 0.332561 0.727713 0.076445 0.071249
0 0.191171 0.741708 0.095388 0.071249
0 0.246307 0.391837 0.074417 0.091607
0 0.074135 0.725168 0.054797 0.063613
0 0.696864 0.331403 0.060886 0.057250
0 0.436068 0.832674 0.060208 0.054706
0 0.459070 0.328859 0.071035 0.054706
0 0.679950 0.173643 0.048708 0.052163
0 0.504396 0.460537 0.049387 0.053434
0 0.729675 0.419190 0.060210 0.054706
0 0.178318 0.496798 0.050737 0.080152
