0 0.362667 0.646290 0.060886 0.078880
0 0.381947 0.716265 0.049387 0.061070
0 0.150242 0.716263 0.058179 0.073792
0 0.211466 0.711811 0.053445 0.044532
0 0.048088 0.755067 0.077124 0.077608
0 0.099165 0.807867 0.045327 0.043255
0 0.252395 0.825041 0.041943 0.064885
0 0.163096 0.861940 0.059531 0.052163
0 0.186436 0.957358 0.035854 0.077608
0 0.147535 0.551506 0.050061 0.059798
0 0.432008 0.395654 0.054797 0.063613
0 0.593019 0.689545 0.042620 0.076336
0 0.458054 0.496162 0.043296 0.045803
0 0.327826 0.416010 0.039915 0.053434
0 0.184744 0.635475 0.041943 0.052163
0 0.021028 0.931276 0.037886 0.068705
0 0.280809 0.708629 0.048708 0.043255
0 0.292310 0.691455 0.044648 0.044527
0 0.452305 0.674279 0.035854 0.053434
0 0.219246 0.565500 0.041943 0.047071
0 0.582871 0.464355 0.045327 0.055983
0 0.775338 0.259520 0.047356 0.083972
0 0.368417 0.772243 0.042620 0.048343
