0 0.124196 0.643108 0.068328 0.080156
0 0.151257 0.706084 0.061562 0.076336
0 0.143138 0.832674 0.052092 0.049619
0 0.093754 0.610030 0.064270 0.075064
0 0.286898 0.495526 0.089299 0.090335
0 0.326812 0.302142 0.063594 0.077608
0 0.572385 0.659646 0.069004 0.059798
0 0.429303 0.760156 0.081858 0.062342
0 0.514205 0.482167 0.059534 0.078880
0 0.525029 0.411556 0.070356 0.080156
0 0.333239 0.610666 0.064270 0.094151
0 0.280470 0.639293 0.069680 0.059798
0 0.189142 0.150742 0.064270 0.080152
0 0.163096 0.352397 0.052769 0.099238
0 0.031852 0.367027 0.058181 0.082695
0 0.510146 0.595397 0.054121 0.066157
0 0.203010 0.413464 0.052769 0.063613
0 0.287574 0.303414 0.063591 0.092879
