0 0.423529 0.491311 0.025266 0.132796
0 0.525562 0.432831 0.036279 0.047516
0 0.409277 0.307952 0.034336 0.060918
0 0.562812 0.321963 0.038223 0.049949
0 0.677478 0.642991 0.048589 0.068223
0 0.535769 0.230562 0.034517 0.043861
0 0.632666 0.785810 0.040864 0.043007
0 0.673154 0.773827 0.043862 0.033136
0 0.249501 0.791768 0.030232 0.046703
0 0.463284 0.857252 0.033472 0.051777
0 0.666790 0.731318 0.047939 0.037769
0 0.494467 0.661267 0.032390 0.048733
0 0.439218 0.062144 0.022390 0.100000
0 0.789374 0.839396 0.055110 0.034550
0 0.537815 0.745976 0.041616 0.039481
0 0.790848 0.713044 0.060247 0.054821
0 0.740317 0.787973 0.043403 0.031676
0 0.720017 0.761841 0.037866 0.028907
0 0.379066 0.707502 0.037791 0.034518
0 0.317523 0.613588 0.031311 0.035533
0 0.175540 0.781107 0.023755 0.055840
0 0.210631 0.948627 0.042107 0.049752
0 0.175000 0.944566 0.025913 0.076148
0 0.207931 0.807507 0.031311 0.039596
0 0.637118 0.548104 0.045349 0.028430
0 0.561538 0.431754 0.039951 0.039394
0 0.606077 0.674910 0.029692 0.023347
0 0.612555 0.777959 0.019973 0.087314
0 0.432242 0.727197 0.035090 0.038581
0 0.848743 0.889640 0.041030 0.040611
0 0.902998 0.673893 0.015654 0.072084
