0 0.468326 0.609860 0.047356 0.048774
0 0.502433 0.619931 0.053557 0.062553
0 0.463817 0.534584 0.032698 0.118747
0 0.577695 0.515500 0.065396 0.084821
0 0.642246 0.562151 0.059194 0.057250
0 0.751898 0.806531 0.099221 0.071033
0 0.826597 0.587594 0.061450 0.046648
0 0.595172 0.901421 0.064270 0.057250
0 0.670999 0.836217 0.046792 0.068916
0 0.374460 0.681956 0.047920 0.095418
0 0.280594 0.466201 0.062014 0.068912
0 0.404059 0.340034 0.048484 0.058315
0 0.387145 0.470971 0.043972 0.040289
0 0.413079 0.543597 0.041719 0.071033
0 0.717509 0.403646 0.059758 0.066795
0 0.828286 0.425911 0.046792 0.043466
0 0.696086 0.349578 0.040591 0.037107
0 0.577131 0.408418 0.040591 0.042410
0 0.745415 0.733907 0.049048 0.050891
0 0.735830 0.586536 0.049048 0.042410
0 0.223373 0.575402 0.052429 0.049830
0 0.337816 0.626295 0.042283 0.058310
0 0.493414 0.565331 0.037771 0.048770
0 0.828287 0.689378 0.043411 0.040289
0 0.873387 0.578053 0.043411 0.046648
0 0.806300 0.472562 0.050173 0.043471
