0 0.151985 0.434775 0.065303 0.071928
0 0.291917 0.283019 0.055972 0.077195
0 0.593235 0.627757 0.087690 0.078949
0 0.734099 0.601442 0.052241 0.096492
0 0.043809 0.455826 0.087617 0.124564
0 0.133794 0.657580 0.060635 0.103508
0 0.283987 0.939160 0.071831 0.112277
0 0.506943 0.797932 0.066235 0.078949
0 0.461233 0.711088 0.062505 0.066667
0 0.457969 0.548809 0.052241 0.050877
0 0.188444 0.942436 0.030232 0.103558
0 0.216516 0.941419 0.025913 0.103554
0 0.316248 0.775666 0.053770 0.057264
0 0.263450 0.805514 0.055713 0.053609
0 0.354557 0.496019 0.047507 0.086299
0 0.212303 0.522417 0.035090 0.076148
0 0.273308 0.452870 0.040488 0.034518
0 0.239298 0.476224 0.052366 0.038581
0 0.850146 0.565060 0.034551 0.135032
