0 0.485115 0.349215 0.069004 0.057254
0 0.474292 0.383567 0.054121 0.036896
0 0.568326 0.753159 0.052766 0.050891
0 0.696526 0.688274 0.064268 0.055978
0 0.769250 0.712447 0.064946 0.061065
0 0.868020 0.486621 0.069004 0.064885
0 0.920789 0.609394 0.054121 0.058522
0 0.271338 0.697181 0.055474 0.053434
0 0.494926 0.658377 0.053445 0.049619
0 0.635302 0.641837 0.062239 0.059798
0 0.717836 0.597943 0.059534 0.045803
0 0.781427 0.587764 0.059534 0.050891
0 0.780074 0.646926 0.054119 0.052163
0 0.850770 0.690817 0.054797 0.045803
0 0.900155 0.714355 0.050740 0.057250
0 0.494248 0.548324 0.053442 0.058522
0 0.673185 0.526058 0.059534 0.049619
0 0.736439 0.548960 0.049387 0.044532
0 0.784471 0.498072 0.056150 0.039440
0 0.639021 0.855576 0.048032 0.059793
0 0.704644 0.774789 0.060210 0.058522
0 0.564944 0.821226 0.046001 0.047071
0 0.698217 0.882932 0.050061 0.038168
0 0.764854 0.779876 0.048032 0.050891
0 0.906920 0.814229 0.045325 0.055978
0 0.944130 0.759522 0.041267 0.050891
0 0.813561 0.825680 0.053445 0.045803
