0 0.382623 0.345399 0.054797 0.062342
0 0.166478 0.640562 0.082537 0.075064
0 0.179670 0.752523 0.091328 0.080152
0 0.399537 0.755069 0.069680 0.059798
0 0.371799 0.795145 0.062915 0.058526
0 0.332223 0.802778 0.075769 0.063609
0 0.378564 0.867027 0.056152 0.047075
0 0.272014 0.971988 0.078477 0.053434
0 0.154640 0.882296 0.068328 0.062342
0 0.098151 0.890565 0.070359 0.071249
0 0.137727 0.795145 0.062915 0.055983
0 0.691113 0.632929 0.072388 0.095418
0 0.577798 0.760158 0.058179 0.054706
0 0.660670 0.535604 0.054797 0.089059
0 0.514543 0.475806 0.057505 0.063613
0 0.600798 0.601758 0.051416 0.078880
0 0.210114 0.517153 0.069680 0.057254
0 0.285883 0.534966 0.061565 0.057250
0 0.376874 0.580767 0.064944 0.067429
0 0.437759 0.512066 0.055474 0.059798
0 0.279794 0.756341 0.058855 0.047071
0 0.183391 0.340946 0.054121 0.058522
