0 0.437600 0.722817 0.041978 0.093567
0 0.475304 0.832463 0.047419 0.058480
0 0.815414 0.873400 0.071521 0.073099
0 0.718240 0.902638 0.045088 0.052631
0 0.527000 0.411412 0.040425 0.064330
0 0.458201 0.432610 0.022544 0.112576
0 0.696472 0.473547 0.037314 0.036552
0 0.741173 0.616090 0.039646 0.049711
0 0.573644 0.606586 0.024875 0.045321
0 0.529177 0.057612 0.021768 0.083333
0 0.658225 0.047376 0.037314 0.057020
0 0.256323 0.856928 0.023970 0.054821
0 0.211948 0.919672 0.023320 0.046295
0 0.506095 0.904768 0.038870 0.050767
0 0.564399 0.901214 0.035630 0.029444
0 0.622704 0.919490 0.045349 0.041625
0 0.567098 0.750953 0.031311 0.033503
0 0.595172 0.659073 0.029153 0.067006
0 0.621625 0.745372 0.031311 0.050762
0 0.512321 0.035611 0.025193 0.068531
