0 0.572723 0.183184 0.072385 0.061070
0 0.723248 0.214355 0.062239 0.052163
0 0.790222 0.166008 0.075771 0.054706
0 0.826753 0.334582 0.055474 0.050891
0 0.533148 0.557867 0.060886 0.054706
0 0.568326 0.399470 0.062239 0.058526
0 0.498646 0.377204 0.062239 0.062342
0 0.374844 0.370209 0.082534 0.091602
0 0.430994 0.379114 0.052769 0.055978
0 0.290280 0.391837 0.063591 0.055978
0 0.281824 0.482167 0.061563 0.061065
0 0.338312 0.543873 0.036531 0.054706
0 0.187112 0.277968 0.061562 0.067433
0 0.172566 0.391837 0.054121 0.066162
0 0.113711 0.486621 0.056826 0.062342
0 0.066355 0.636111 0.069004 0.078880
0 0.441481 0.487257 0.065623 0.061070
0 0.428627 0.424279 0.054797 0.057254
0 0.709379 0.637383 0.058855 0.068705
0 0.726969 0.375296 0.053445 0.045799
0 0.733395 0.254431 0.070359 0.048347
