0 0.352462 0.731198 0.109485 0.108430
0 0.456116 0.632514 0.071909 0.132796
0 0.451257 0.857293 0.099766 0.058480
0 0.535475 0.655051 0.042756 0.082847
0 0.445750 0.474130 0.052476 0.076754
0 0.409795 0.585608 0.062192 0.099904
0 0.316183 0.672716 0.066726 0.069444
0 0.566895 0.360826 0.042109 0.091377
0 0.660829 0.971208 0.069319 0.047511
0 0.607111 0.491722 0.031042 0.060073
0 0.538729 0.575482 0.025642 0.049917
0 0.766594 0.473955 0.023394 0.071915
0 0.713058 0.601286 0.041389 0.038916
0 0.453081 0.772073 0.048047 0.058884
0 0.636093 0.908118 0.026453 0.064977
0 0.712483 0.885275 0.028071 0.037567
0 0.763770 0.830957 0.042109 0.058884
0 0.398726 0.911111 0.053086 0.037227
0 0.399755 0.454637 0.031096 0.067006
0 0.960040 0.897583 0.076497 0.078949
