0 0.437421 0.329495 0.079153 0.066162
0 0.478011 0.377204 0.065623 0.059798
0 0.483762 0.464355 0.089302 0.061070
0 0.603505 0.416008 0.079827 0.061070
0 0.654243 0.382296 0.044648 0.034353
0 0.633271 0.230895 0.074414 0.072516
0 0.752676 0.348581 0.058857 0.050891
0 0.934319 0.284966 0.104185 0.091602
0 0.808827 0.286237 0.052092 0.045799
0 0.852123 0.285601 0.045325 0.039440
0 0.748279 0.462445 0.051416 0.052163
0 0.448922 0.582041 0.056150 0.044532
0 0.383977 0.553414 0.056152 0.035624
0 0.237511 0.441455 0.074417 0.058522
0 0.352858 0.407739 0.071033 0.047075
0 0.267616 0.520335 0.056150 0.061065
0 0.197598 0.541965 0.059531 0.050891
0 0.204025 0.629114 0.045325 0.036896
0 0.217217 0.669826 0.051416 0.047071
0 0.250366 0.716265 0.041943 0.040712
0 0.100519 0.713083 0.056150 0.047075
0 0.136035 0.617027 0.047354 0.048343
0 0.334253 0.510158 0.054121 0.038168
0 0.377212 0.600489 0.061563 0.040712
0 0.338651 0.632296 0.043972 0.048347
0 0.318693 0.683820 0.035178 0.034353
0 0.266603 0.382293 0.048708 0.044532
