0 0.489174 0.608758 0.089299 0.072521
0 0.559193 0.681276 0.084563 0.072516
0 0.389050 0.603030 0.079829 0.076336
0 0.509808 0.277332 0.112976 0.094151
0 0.416787 0.404559 0.082534 0.081423
0 0.184744 0.456722 0.082534 0.078880
0 0.207745 0.804685 0.081179 0.069977
0 0.321061 0.766520 0.079153 0.064885
0 0.682318 0.711811 0.066975 0.059793
0 0.640714 0.758884 0.060886 0.047071
0 0.735763 0.421097 0.076448 0.073792
0 0.681980 0.319954 0.056826 0.064885
0 0.735763 0.335859 0.053445 0.050891
0 0.497969 0.456086 0.054121 0.049619
0 0.287573 0.632293 0.055474 0.071244
0 0.080562 0.775425 0.046001 0.059793
0 0.188126 0.731531 0.047356 0.053439
0 0.586254 0.220080 0.050740 0.043255
0 0.423553 0.858122 0.062239 0.059798
