0 0.654581 0.750615 0.071033 0.058522
0 0.629889 0.454178 0.089299 0.101781
0 0.650184 0.557867 0.062239 0.057250
0 0.481732 0.580133 0.044651 0.048347
0 0.384991 0.811047 0.073064 0.064885
0 0.459070 0.746162 0.076445 0.085243
0 0.514882 0.716265 0.048708 0.066157
0 0.570356 0.702268 0.067651 0.076336
0 0.599108 0.620843 0.050740 0.091602
0 0.452981 0.537509 0.056152 0.047075
0 0.509470 0.352397 0.054121 0.048347
0 0.584562 0.522881 0.063591 0.066157
0 0.791237 0.759520 0.053445 0.055983
0 0.855844 0.864481 0.046003 0.067429
0 0.807473 0.590308 0.061562 0.053434
0 0.797325 0.527968 0.058855 0.068701
0 0.687053 0.218173 0.048032 0.044527
0 0.647140 0.374024 0.053445 0.053439
0 0.712085 0.447179 0.053442 0.047075
0 0.250028 0.515882 0.066975 0.062342
0 0.255439 0.480259 0.056152 0.047075
0 0.354210 0.442727 0.076448 0.061065
0 0.387698 0.384839 0.062241 0.067429
0 0.296707 0.673005 0.057505 0.061070
0 0.518940 0.489800 0.051416 0.061070
0 0.699569 0.669826 0.051414 0.080156
0 0.625153 0.788147 0.059534 0.052163
0 0.445878 0.457358 0.067649 0.057250
0 0.261866 0.284966 0.058181 0.045799
0 0.101871 0.463719 0.053445 0.057254
