0 0.514354 0.701713 0.093289 0.064573
0 0.617035 0.687704 0.084866 0.068228
0 0.572660 0.745574 0.049236 0.042645
0 0.697367 0.688313 0.055066 0.042640
0 0.522776 0.849130 0.066079 0.040207
0 0.306726 0.786389 0.093936 0.073099
0 0.371832 0.821109 0.071262 0.062135
0 0.413940 0.804052 0.059600 0.069444
0 0.380254 0.691359 0.066079 0.060918
0 0.437263 0.631049 0.076445 0.054826
0 0.480668 0.608512 0.067375 0.048733
0 0.393210 0.555514 0.044053 0.105996
0 0.527635 0.452567 0.073206 0.058476
0 0.603108 0.497034 0.077739 0.059697
0 0.654934 0.561607 0.081626 0.096244
0 0.685706 0.396524 0.064136 0.068228
0 0.718097 0.448303 0.057659 0.047516
0 0.769600 0.423935 0.064785 0.057264
0 0.569095 0.596329 0.066726 0.046295
0 0.543507 0.650544 0.059602 0.045073
0 0.443741 0.704759 0.051829 0.046295
0 0.469655 0.749837 0.058303 0.058480
0 0.389972 0.738264 0.060896 0.074316
0 0.767655 0.293577 0.064783 0.059697
0 0.855437 0.280783 0.057656 0.056047
0 0.895925 0.272865 0.044053 0.059697
0 0.829847 0.350836 0.075149 0.067006
0 0.766036 0.196109 0.057659 0.049949
0 0.743038 0.269819 0.042756 0.053604
0 0.670806 0.501908 0.048589 0.047516
0 0.647808 0.429417 0.051826 0.056042
