0 0.541604 0.462700 0.055474 0.062342
0 0.549045 0.538402 0.058179 0.073792
0 0.634286 0.528223 0.063591 0.078880
0 0.760795 0.546671 0.059534 0.064885
0 0.718174 0.498962 0.050063 0.048347
0 0.638683 0.655450 0.054797 0.055978
0 0.671494 0.599470 0.059531 0.061070
0 0.603505 0.701887 0.050740 0.054711
0 0.642065 0.777587 0.046680 0.048343
0 0.568665 0.772498 0.055474 0.053434
0 0.399874 0.691710 0.066975 0.077608
0 0.446554 0.621097 0.057502 0.055978
0 0.462451 0.537766 0.054121 0.047075
0 0.427949 0.380640 0.052769 0.071244
0 0.294001 0.533949 0.055474 0.087787
0 0.219585 0.550487 0.067651 0.062342
0 0.257131 0.708884 0.075093 0.068705
0 0.277087 0.329114 0.066299 0.064885
0 0.497970 0.304940 0.068328 0.059798
0 0.583209 0.220335 0.054797 0.048347
0 0.704644 0.360285 0.056826 0.043260
0 0.350490 0.435985 0.054797 0.049619
0 0.058237 0.215882 0.060210 0.123407
0 0.374844 0.196798 0.050737 0.044532
0 0.381948 0.568935 0.055474 0.045803
0 0.615005 0.601377 0.048032 0.044527
0 0.439517 0.482916 0.047959 0.042948
0 0.768683 0.305909 0.048708 0.053434
0 0.824291 0.399036 0.051145 0.059541
0 0.761650 0.864736 0.038335 0.073154
0 0.783074 0.926758 0.048481 0.050891
0 0.768135 0.802183 0.045664 0.056194
0 0.717959 0.647922 0.043408 0.046653
0 0.494991 0.709945 0.060886 0.056189
0 0.590267 0.571586 0.059758 0.057250
