0 0.578812 0.451632 0.058855 0.055983
0 0.513867 0.727716 0.066973 0.063613
0 0.565620 0.793871 0.059531 0.053434
0 0.618727 0.663464 0.058855 0.047075
0 0.655259 0.730895 0.058857 0.054711
0 0.545326 0.617027 0.062239 0.053439
0 0.556825 0.646926 0.058181 0.047075
0 0.441143 0.657741 0.066299 0.050891
0 0.485454 0.508248 0.064268 0.047075
0 0.458394 0.327587 0.075093 0.082695
0 0.633610 0.356212 0.066975 0.048347
0 0.776016 0.655831 0.055474 0.049614
0 0.127578 0.473896 0.046680 0.075064
0 0.431670 0.533694 0.055474 0.077608
0 0.615681 0.530514 0.054121 0.071249
