0 0.355225 0.349217 0.079829 0.077608
0 0.404271 0.763974 0.056150 0.069977
0 0.308207 0.954178 0.039915 0.076336
0 0.103563 0.895018 0.073064 0.092874
0 0.070414 0.660285 0.085242 0.083967
0 0.105593 0.396290 0.067651 0.062342
0 0.207745 0.570588 0.064944 0.062342
0 0.753690 0.359394 0.066296 0.105601
0 0.918420 0.493618 0.085918 0.076336
0 0.871064 0.620207 0.115684 0.113232
0 0.730688 0.557231 0.056826 0.053434
0 0.153286 0.676825 0.073740 0.066157
0 0.237512 0.513338 0.054121 0.067429
0 0.578136 0.539419 0.045325 0.066157
0 0.376536 0.723896 0.049385 0.117048
0 0.069398 0.614483 0.069680 0.068701
0 0.458055 0.793871 0.046003 0.055978
0 0.949203 0.883565 0.047356 0.103053
0 0.164449 0.417918 0.050061 0.062337
0 0.054855 0.895016 0.048708 0.097966
0 0.235482 0.952268 0.056829 0.072516
