0 0.445540 0.125932 0.066973 0.073792
0 0.537883 0.207358 0.059531 0.066157
0 0.359961 0.512066 0.096064 0.085243
0 0.492896 0.557229 0.085918 0.086515
0 0.563252 0.482167 0.071035 0.061065
0 0.458054 0.796416 0.109595 0.114504
0 0.374506 0.737893 0.073738 0.066162
0 0.279456 0.762064 0.069004 0.063613
0 0.148212 0.441455 0.087947 0.078880
0 0.126226 0.730895 0.072388 0.095418
0 0.397168 0.386747 0.067651 0.083972
0 0.295354 0.475170 0.046680 0.057254
0 0.210790 0.546416 0.054797 0.067433
0 0.266263 0.579495 0.052092 0.054711
0 0.636316 0.611938 0.079150 0.071249
0 0.672170 0.821862 0.073740 0.063613
0 0.615006 0.875932 0.075769 0.082700
0 0.320046 0.858120 0.090654 0.077608
0 0.543295 0.317408 0.063591 0.080152
0 0.489513 0.321860 0.065623 0.076336
0 0.616698 0.471352 0.054797 0.072521
0 0.414420 0.422369 0.043972 0.081423
0 0.359283 0.349853 0.063591 0.076336
0 0.398522 0.593489 0.077122 0.062342
0 0.366726 0.677459 0.064946 0.052163
0 0.454672 0.685728 0.058181 0.061070
0 0.085635 0.611938 0.057505 0.058522
0 0.196921 0.452270 0.050063 0.077608
0 0.639021 0.331403 0.048032 0.069977
