0 0.619403 0.319318 0.103508 0.091602
0 0.744219 0.156469 0.083887 0.076336
0 0.898126 0.170461 0.112976 0.089059
0 0.762823 0.533058 0.079153 0.129770
0 0.657626 0.874660 0.119065 0.110689
0 0.573401 0.878478 0.089976 0.103053
0 0.578812 0.762702 0.083210 0.085239
0 0.473615 0.746164 0.133948 0.103053
0 0.253748 0.891837 0.083887 0.068705
0 0.229731 0.588400 0.064268 0.075064
0 0.507778 0.557229 0.072388 0.066157
0 0.151934 0.587130 0.049385 0.064885
0 0.075825 0.821862 0.069004 0.101777
0 0.176964 0.830133 0.066975 0.062342
0 0.160728 0.909011 0.061562 0.054706
0 0.350490 0.533058 0.069006 0.068705
0 0.317341 0.589036 0.067651 0.050891
0 0.348121 0.636111 0.056150 0.078880
0 0.412052 0.596035 0.064944 0.057250
0 0.601475 0.620207 0.070356 0.062342
0 0.792589 0.330767 0.068328 0.071249
0 0.663376 0.496798 0.064268 0.057250
0 0.385668 0.678097 0.062239 0.058526
0 0.232776 0.653285 0.082534 0.072521
