0 0.795189 0.255298 0.047507 0.067006
0 0.641869 0.187275 0.035632 0.073099
0 0.328752 0.538053 0.060464 0.039596
0 0.317954 0.498962 0.045347 0.032489
0 0.377880 0.458861 0.047507 0.031469
0 0.401362 0.608613 0.056685 0.036547
0 0.465066 0.665468 0.029692 0.119798
0 0.513923 0.820806 0.035630 0.107617
0 0.538217 0.858877 0.047507 0.108636
0 0.631342 0.714708 0.042649 0.082236
0 0.606779 0.643134 0.044270 0.038581
0 0.270177 0.573586 0.017815 0.072084
0 0.274496 0.625875 0.040491 0.054826
0 0.413217 0.863884 0.042175 0.042305
0 0.444146 0.760771 0.042803 0.060514
0 0.473044 0.920289 0.021870 0.098705
0 0.554431 0.706113 0.016646 0.086295
0 0.670500 0.633352 0.022944 0.074454
0 0.690070 0.689192 0.044089 0.038916
0 0.619888 0.502638 0.035991 0.046534
0 0.836326 0.484040 0.043188 0.036547
0 0.410199 0.649174 0.041389 0.061763
0 0.798590 0.681407 0.047507 0.033503
