0 0.648154 0.671097 0.054121 0.095418
0 0.706334 0.700996 0.050061 0.045803
0 0.457040 0.624024 0.053445 0.054706
0 0.394801 0.723898 0.057502 0.106869
0 0.300089 0.693999 0.053445 0.049614
0 0.310576 0.749979 0.054121 0.049619
0 0.346769 0.814229 0.046677 0.068705
0 0.214850 0.875296 0.053445 0.083972
0 0.029485 0.933184 0.052090 0.080152
0 0.066692 0.783056 0.061562 0.077608
0 0.142800 0.753159 0.048711 0.061065
0 0.155316 0.668554 0.058855 0.059798
0 0.128594 0.708632 0.058179 0.048347
0 0.295354 0.484713 0.048032 0.063613
0 0.167493 0.520971 0.052090 0.067433
0 0.402581 0.489164 0.044648 0.064885
0 0.556825 0.656467 0.047356 0.055983
