0 0.539237 0.640562 0.063591 0.047075
0 0.632257 0.664738 0.065623 0.059798
0 0.725615 0.664100 0.057505 0.045803
0 0.835886 0.791327 0.062915 0.055978
0 0.448245 0.698453 0.049385 0.045803
0 0.602151 0.563590 0.055474 0.050891
0 0.656949 0.531784 0.059534 0.063613
0 0.760118 0.477713 0.068328 0.057254
0 0.810518 0.619571 0.062241 0.043255
0 0.821003 0.720080 0.046680 0.058526
0 0.559193 0.842218 0.053445 0.050891
0 0.524015 0.582041 0.053445 0.052163
0 0.444863 0.442727 0.057505 0.045803
0 0.400212 0.304685 0.060210 0.057250
0 0.674877 0.471988 0.052092 0.043260
0 0.568326 0.496798 0.059534 0.057250
0 0.375520 0.585220 0.054121 0.050891
0 0.579489 0.338402 0.052092 0.045803
0 0.536869 0.714355 0.069680 0.054706
0 0.519955 0.770335 0.069680 0.057254
0 0.623462 0.717534 0.050737 0.048347
0 0.824048 0.923643 0.050063 0.045799
0 0.904890 0.865119 0.062915 0.050891
0 0.637330 0.601123 0.060886 0.057250
