0 0.361313 0.211811 0.083887 0.072521
0 0.510823 0.464991 0.058179 0.090331
0 0.316664 0.889927 0.052766 0.115776
0 0.340004 0.562957 0.066975 0.082700
0 0.409346 0.598579 0.071709 0.113228
0 0.272014 0.527968 0.081182 0.068701
0 0.757749 0.389929 0.058179 0.049619
0 0.715806 0.513974 0.052769 0.048343
0 0.546002 0.590310 0.046003 0.061070
0 0.577460 0.727078 0.050740 0.049619
0 0.643757 0.654559 0.052090 0.067429
0 0.187113 0.791963 0.068328 0.075064
0 0.560884 0.463721 0.066299 0.052163
0 0.179670 0.376568 0.065620 0.086515
