0 0.433024 0.314226 0.073064 0.066157
0 0.498983 0.347943 0.056150 0.044527
0 0.537545 0.323772 0.056150 0.052163
0 0.592681 0.349215 0.052769 0.041983
0 0.619741 0.169828 0.059531 0.052163
0 0.750984 0.199725 0.056826 0.053434
0 0.757411 0.230259 0.052092 0.040712
0 0.774663 0.265882 0.055474 0.050891
0 0.823370 0.178733 0.060886 0.057254
0 0.504058 0.445907 0.052769 0.054706
0 0.379917 0.381022 0.060210 0.059793
0 0.360298 0.434456 0.046680 0.052163
0 0.484777 0.971988 0.092683 0.050891
0 0.275735 0.268427 0.061562 0.071244
0 0.236836 0.346671 0.070356 0.067429
0 0.160051 0.440817 0.071035 0.067429
0 0.113372 0.592854 0.064268 0.071244
0 0.475983 0.420461 0.056150 0.052163
0 0.552428 0.534966 0.057502 0.047075
0 0.745911 0.330131 0.056152 0.054706
0 0.621433 0.512700 0.048032 0.048347
0 0.739484 0.537509 0.058181 0.054706
0 0.734747 0.393744 0.059534 0.044532
0 0.067708 0.667282 0.058179 0.057254
0 0.153962 0.570590 0.048032 0.072521
0 0.471246 0.865119 0.043972 0.050891
0 0.848064 0.296416 0.042622 0.038168
