0 0.082253 0.896926 0.048032 0.089059
0 0.228041 0.318680 0.055476 0.047075
0 0.486807 0.460539 0.048032 0.045799
0 0.291971 0.552778 0.104861 0.118320
0 0.210452 0.606848 0.077124 0.109417
0 0.121490 0.685730 0.068328 0.078880
0 0.228717 0.443363 0.046003 0.087782
0 0.211805 0.397562 0.062239 0.054711
0 0.235482 0.742980 0.044651 0.073792
0 0.105592 0.816772 0.044651 0.083967
0 0.033204 0.699089 0.033826 0.082695
0 0.055868 0.750613 0.052092 0.063613
0 0.123857 0.472626 0.081182 0.069972
0 0.108636 0.547055 0.054797 0.089059
0 0.287911 0.425551 0.053445 0.067429
0 0.385669 0.440184 0.040591 0.076336
0 0.347445 0.742980 0.049387 0.053434
0 0.033206 0.539419 0.058179 0.053439
0 0.282500 0.684456 0.052090 0.058526
0 0.170538 0.712447 0.033826 0.076336
0 0.192863 0.693363 0.046003 0.055983
0 0.078870 0.382932 0.046680 0.068701
0 0.363682 0.547688 0.043975 0.057250
