0 0.445201 0.628478 0.077122 0.109417
0 0.473615 0.915372 0.079827 0.067429
0 0.659318 0.705450 0.092683 0.080156
0 0.055192 0.481529 0.079153 0.062342
0 0.098151 0.541327 0.064944 0.069972
0 0.122505 0.529240 0.058179 0.083972
0 0.161067 0.614483 0.066299 0.063613
0 0.192863 0.492346 0.062239 0.055978
0 0.127917 0.461175 0.054121 0.062342
0 0.312605 0.459904 0.055474 0.062342
0 0.386007 0.768427 0.066975 0.089059
0 0.310237 0.847307 0.065620 0.061070
0 0.475645 0.596671 0.064946 0.048347
0 0.565620 0.897560 0.069004 0.077608
0 0.516912 0.731531 0.069004 0.096690
0 0.878845 0.681276 0.051416 0.059798
0 0.886625 0.627206 0.037209 0.094146
0 0.686377 0.373388 0.048032 0.054711
0 0.129270 0.958629 0.074414 0.069977
0 0.586592 0.468173 0.051416 0.053434
