0 0.730688 0.464355 0.052769 0.094146
0 0.554458 0.385475 0.042622 0.078884
0 0.459070 0.470716 0.050737 0.058522
0 0.419155 0.474534 0.046680 0.081428
0 0.288251 0.348579 0.060886 0.099233
0 0.433024 0.809777 0.066296 0.077608
0 0.360977 0.776697 0.061563 0.059793
0 0.133329 0.805324 0.060886 0.061070
0 0.336959 0.863209 0.058181 0.057254
0 0.488497 0.450360 0.046003 0.081428
0 0.453657 0.701632 0.057505 0.080152
0 0.081576 0.380386 0.069680 0.083967
0 0.131975 0.188274 0.054121 0.055978
0 0.366050 0.296416 0.039238 0.068701
0 0.412052 0.330767 0.044651 0.071249
0 0.222628 0.463083 0.033826 0.073788
0 0.592681 0.762702 0.035181 0.077608
