0 0.384114 0.377360 0.059507 0.061846
0 0.308163 0.348646 0.064988 0.053012
0 0.262552 0.382511 0.051287 0.041230
0 0.316775 0.535657 0.054028 0.044178
0 0.317949 0.648673 0.054810 0.055216
0 0.239258 0.665608 0.065771 0.067002
0 0.167418 0.708678 0.064597 0.064793
0 0.135652 0.530872 0.071035 0.068916
0 0.141571 0.461430 0.056941 0.057250
0 0.050807 0.482103 0.068215 0.058310
0 0.119303 0.796460 0.076672 0.072094
0 0.066027 0.789038 0.079490 0.108140
0 0.237693 0.856892 0.051865 0.076336
0 0.027128 0.581235 0.051301 0.046648
0 0.112538 0.583887 0.059758 0.049830
0 0.126350 0.327842 0.063706 0.057254
0 0.486310 0.713763 0.084563 0.093301
0 0.466578 0.851061 0.060886 0.045592
0 0.150310 0.850000 0.067651 0.075280
0 0.071101 0.872264 0.062578 0.056189
0 0.331841 0.439695 0.051865 0.049830
0 0.405411 0.413719 0.037771 0.069972
0 0.038685 0.717472 0.049612 0.045588
0 0.455585 0.313528 0.042283 0.051951
0 0.575667 0.370250 0.033262 0.038168
0 0.241920 0.592897 0.044539 0.042406
0 0.299988 0.509669 0.033262 0.045592
0 0.176523 0.594486 0.046792 0.043471
