0 0.546293 0.400666 0.036926 0.084068
0 0.608809 0.440870 0.022026 0.069444
0 0.459808 0.245331 0.027209 0.131579
0 0.487988 0.361678 0.026562 0.118177
0 0.500297 0.446352 0.044700 0.031676
0 0.974637 0.882025 0.048586 0.043857
0 0.509561 0.770792 0.039517 0.163255
0 0.644137 0.887619 0.050613 0.046534
0 0.346135 0.731497 0.027441 0.062608
0 0.586458 0.582195 0.042109 0.045078
0 0.714729 0.617528 0.049883 0.045073
0 0.678450 0.571233 0.043403 0.054826
0 0.384659 0.401276 0.031096 0.041423
0 0.643792 0.703421 0.041460 0.063352
0 0.714081 0.758244 0.036926 0.029242
0 0.246353 0.845542 0.049487 0.043150
0 0.229932 0.909419 0.042739 0.059224
0 0.285491 0.881501 0.026094 0.076143
0 0.665416 0.819738 0.054436 0.049073
0 0.611431 0.763053 0.036440 0.038916
0 0.646071 0.779550 0.041838 0.031304
0 0.299003 0.634931 0.031116 0.034545
0 0.291693 0.674061 0.029993 0.036662
0 0.538369 0.087475 0.022944 0.067686
