0 0.402581 0.763338 0.082534 0.081423
0 0.457378 0.667916 0.085239 0.101781
0 0.420847 0.834584 0.082534 0.081428
0 0.269308 0.592218 0.048708 0.047071
0 0.197936 0.608756 0.076448 0.062342
0 0.097812 0.911556 0.065620 0.067429
0 0.460424 0.302778 0.041267 0.099238
0 0.384991 0.352397 0.044651 0.078880
0 0.729336 0.491710 0.066299 0.103053
0 0.845696 0.532422 0.066299 0.131042
0 0.302457 0.783694 0.047356 0.058526
0 0.107284 0.507612 0.053445 0.045803
0 0.270999 0.416010 0.049385 0.050891
0 0.076165 0.618935 0.050737 0.041983
0 0.340680 0.433184 0.045325 0.057250
0 0.202334 0.500615 0.052769 0.047071
