0 0.423553 0.281148 0.115007 0.099238
0 0.327827 0.421736 0.076445 0.085243
0 0.423890 0.622114 0.083210 0.066157
0 0.508455 0.686366 0.079150 0.069977
0 0.424230 0.760794 0.085242 0.076336
0 0.337297 0.590946 0.071035 0.069972
0 0.257131 0.751251 0.067651 0.077608
0 0.182037 0.820590 0.077122 0.061070
0 0.141108 0.732803 0.049385 0.053439
0 0.121490 0.497433 0.065623 0.076336
0 0.692128 0.418554 0.078474 0.071249
0 0.613314 0.402016 0.064270 0.050891
0 0.695511 0.337764 0.060886 0.057254
0 0.717159 0.277968 0.060886 0.049619
0 0.627522 0.729624 0.073740 0.067429
0 0.641729 0.665374 0.073740 0.058526
0 0.567650 0.622753 0.058181 0.047075
0 0.638345 0.548960 0.050737 0.057250
0 0.578812 0.795142 0.056150 0.053434
0 0.497969 0.791963 0.070356 0.054706
0 0.447908 0.455450 0.051416 0.061065
0 0.507440 0.416646 0.055476 0.052163
0 0.373828 0.362573 0.061563 0.066157
0 0.547354 0.227078 0.055474 0.054706
0 0.545663 0.311683 0.049387 0.040712
0 0.650184 0.126568 0.051414 0.057250
0 0.788530 0.412828 0.060210 0.057254
0 0.626168 0.305960 0.054797 0.069972
0 0.572723 0.550868 0.039915 0.050891
0 0.562914 0.493618 0.046003 0.050891
