0 0.157357 0.620461 0.051301 0.061492
0 0.248405 0.586536 0.058630 0.061492
0 0.158484 0.848939 0.096401 0.094362
0 0.202457 0.668701 0.052429 0.060432
0 0.179907 0.434394 0.073853 0.062553
0 0.078712 0.426972 0.054119 0.062557
0 0.097034 0.507548 0.063706 0.071038
0 0.177371 0.502778 0.050737 0.044527
0 0.194000 0.536175 0.042283 0.045592
0 0.111410 0.404176 0.045100 0.061492
0 0.046859 0.466201 0.050173 0.056194
0 0.058417 0.561621 0.039465 0.037107
0 0.085195 0.601908 0.043408 0.045588
0 0.025544 0.662870 0.051089 0.050891
0 0.022162 0.579644 0.044324 0.054073
0 0.047987 0.802289 0.058069 0.056194
0 0.354109 0.543595 0.054683 0.068916
0 0.733801 0.557378 0.052993 0.058310
0 0.263062 0.466201 0.040591 0.058315
0 0.357773 0.303985 0.041719 0.058310
0 0.305625 0.600847 0.049048 0.045588
0 0.066874 0.379261 0.046228 0.041350
0 0.173142 0.334201 0.045664 0.046648
