0 0.300001 0.202785 0.063748 0.163742
0 0.361415 0.521499 0.034207 0.105266
0 0.296892 0.430856 0.037314 0.143274
0 0.310884 0.548545 0.029541 0.103802
0 0.292616 0.659656 0.027209 0.103802
0 0.282122 0.727640 0.037314 0.076024
0 0.379296 0.777348 0.041980 0.134504
0 0.434879 0.707172 0.055193 0.052635
0 0.770714 0.721061 0.042756 0.045326
0 0.711079 0.799348 0.022944 0.076143
0 0.762085 0.515505 0.038091 0.045326
0 0.389308 0.595126 0.021458 0.080702
0 0.275498 0.479334 0.023320 0.094738
0 0.328204 0.797755 0.065300 0.100000
0 0.941119 0.677640 0.034207 0.054096
