0 0.727982 0.471352 0.062239 0.059793
0 0.664053 0.535601 0.050737 0.048347
0 0.600800 0.625298 0.048708 0.062342
0 0.569341 0.742982 0.052090 0.040712
0 0.509807 0.665374 0.046680 0.058526
0 0.593696 0.951635 0.062915 0.050891
0 0.794281 0.821226 0.063591 0.062342
0 0.754028 0.314229 0.043975 0.078880
0 0.709379 0.407741 0.050740 0.041983
0 0.568665 0.555957 0.052090 0.043255
0 0.633610 0.590946 0.060208 0.044527
0 0.471924 0.444635 0.050737 0.041988
0 0.526045 0.391837 0.049385 0.053434
0 0.474629 0.241708 0.061562 0.053434
0 0.740837 0.683822 0.056826 0.052163
0 0.919774 0.426823 0.052092 0.059798
0 0.297721 0.744254 0.046003 0.055983
