0 0.494208 0.262509 0.084216 0.076754
0 0.524979 0.499472 0.051179 0.073104
0 0.689528 0.530539 0.043406 0.069444
0 0.749453 0.583538 0.073853 0.065790
0 0.806136 0.603028 0.073206 0.051171
0 0.854724 0.515921 0.066729 0.054826
0 0.762733 0.553687 0.047292 0.047511
0 0.406655 0.516474 0.035615 0.033489
0 0.943541 0.786490 0.086917 0.085285
0 0.955688 0.909337 0.078818 0.154320
0 0.491293 0.718770 0.048586 0.041423
0 0.475745 0.818065 0.045996 0.076754
0 0.237246 0.224741 0.045347 0.070051
0 0.417828 0.266873 0.034011 0.058889
0 0.381658 0.483127 0.030771 0.018274
0 0.189469 0.558255 0.031853 0.046703
0 0.219160 0.404949 0.029692 0.044674
0 0.634042 0.602422 0.021594 0.080207
0 0.677770 0.609020 0.037791 0.046699
0 0.702161 0.757146 0.076445 0.047516
0 0.678838 0.804660 0.066079 0.052388
0 0.650983 0.895427 0.082922 0.087723
0 0.873512 0.802227 0.088752 0.071882
0 0.408694 0.966699 0.082920 0.049954
0 0.428452 0.882025 0.057656 0.053609
0 0.284635 0.428809 0.062839 0.053604
0 0.242202 0.417844 0.028506 0.056047
0 0.164786 0.453177 0.042107 0.063352
0 0.338405 0.582319 0.033040 0.077971
0 0.407074 0.629832 0.051179 0.038985
