0 0.356915 0.421097 0.068328 0.050891
0 0.439113 0.579495 0.039236 0.072516
0 0.489174 0.597943 0.060886 0.048347
0 0.365372 0.756341 0.047356 0.113232
0 0.323767 0.695909 0.049385 0.050891
0 0.629889 0.333949 0.073064 0.062342
0 0.552091 0.282422 0.060886 0.045799
0 0.540251 0.320590 0.052090 0.040712
0 0.778384 0.304688 0.062915 0.062342
0 0.772295 0.202906 0.060210 0.059798
0 0.688069 0.342854 0.059531 0.054706
0 0.668788 0.306593 0.064270 0.048347
0 0.603843 0.457994 0.062915 0.043260
0 0.564944 0.410285 0.050063 0.039440
0 0.698217 0.593492 0.041946 0.080152
0 0.540590 0.573772 0.051414 0.040712
0 0.462114 0.538147 0.054121 0.043255
0 0.411376 0.561683 0.063591 0.049619
0 0.452643 0.727713 0.055476 0.045803
0 0.192861 0.810411 0.054121 0.055983
0 0.203348 0.706086 0.054797 0.053439
0 0.138741 0.298326 0.056829 0.049619
0 0.103900 0.366391 0.054797 0.055978
0 0.053501 0.470719 0.039238 0.038168
0 0.083268 0.499979 0.032473 0.038168
0 0.125549 0.643108 0.046680 0.044527
0 0.161743 0.643744 0.039238 0.035624
0 0.338651 0.590946 0.068328 0.059798
0 0.452981 0.425551 0.056152 0.047071
0 0.732719 0.519699 0.039236 0.041988
0 0.864977 0.419190 0.035857 0.075064
0 0.826415 0.180640 0.056150 0.063613
0 0.528074 0.424277 0.052090 0.052163
0 0.433362 0.635475 0.052090 0.047075
