0 0.763162 0.695271 0.059531 0.047071
0 0.878169 0.632929 0.073062 0.064885
0 0.762147 0.386747 0.056150 0.053439
0 0.627859 0.324405 0.044648 0.045799
0 0.708026 0.828223 0.068328 0.066162
0 0.882904 0.883565 0.070359 0.072521
0 0.821003 0.745526 0.060210 0.086515
0 0.783795 0.547688 0.064270 0.049619
0 0.867006 0.407741 0.042620 0.062342
0 0.799016 0.453540 0.054121 0.067429
0 0.860918 0.797052 0.046680 0.041983
0 0.905568 0.829495 0.052092 0.071249
0 0.960365 0.878478 0.057502 0.059793
0 0.708026 0.466263 0.042620 0.044527
0 0.195907 0.408377 0.039915 0.043255
0 0.199966 0.519061 0.033149 0.061070
0 0.074473 0.471988 0.044648 0.055978
