0 0.573400 0.601758 0.071033 0.104325
0 0.552090 0.471990 0.055474 0.086515
0 0.442157 0.529878 0.066975 0.075064
0 0.328502 0.619571 0.056150 0.071244
0 0.131976 0.547052 0.060886 0.091607
0 0.185082 0.539419 0.039915 0.068701
0 0.051809 0.665374 0.060210 0.086515
0 0.831490 0.375932 0.047356 0.133590
0 0.907935 0.457994 0.055474 0.104325
0 0.934320 0.468173 0.048708 0.099238
0 0.967129 0.535604 0.061562 0.086515
0 0.651537 0.287511 0.035178 0.078880
0 0.554796 0.695271 0.069006 0.174298
0 0.281486 0.520971 0.046003 0.064890
0 0.895758 0.199086 0.044651 0.087787
0 0.815254 0.283694 0.040591 0.086515
0 0.838931 0.520971 0.052769 0.092879
0 0.278779 0.842854 0.052769 0.067433
0 0.195906 0.863848 0.049385 0.076336
0 0.144154 0.706086 0.046003 0.063613
0 0.029485 0.589674 0.056152 0.047071
