0 0.531036 0.579474 0.037791 0.060914
0 0.464364 0.658666 0.072878 0.058884
0 0.347484 0.455106 0.046428 0.039596
0 0.369080 0.437337 0.042109 0.044674
0 0.400931 0.495209 0.046428 0.040611
0 0.417396 0.569830 0.028611 0.053811
0 0.421985 0.388604 0.042109 0.032489
0 0.325352 0.379467 0.034551 0.028430
0 0.191736 0.516529 0.061006 0.060918
0 0.172571 0.634807 0.044268 0.049752
0 0.142878 0.683542 0.041030 0.096451
0 0.072275 0.652980 0.073853 0.147420
0 0.097542 0.642626 0.040166 0.131579
0 0.247190 0.922840 0.047939 0.148636
0 0.277638 0.781515 0.051829 0.165693
0 0.551022 0.830246 0.053123 0.080409
0 0.434402 0.433276 0.068022 0.069040
0 0.463824 0.550032 0.066404 0.058889
0 0.577734 0.419063 0.050205 0.097466
0 0.620114 0.498255 0.046428 0.062948
0 0.606346 0.596736 0.041570 0.034518
0 0.660504 0.673694 0.057009 0.047516
0 0.772579 0.848522 0.097175 0.207117
0 0.886273 0.730953 0.108186 0.091373
0 0.846757 0.690140 0.051179 0.060914
0 0.881738 0.625567 0.039517 0.043861
0 0.954944 0.934415 0.047290 0.118177
0 0.899878 0.972792 0.070615 0.048733
0 0.428282 0.500184 0.048137 0.050762
