0 0.578495 0.355475 0.061570 0.056139
0 0.591089 0.817755 0.068101 0.068421
0 0.496403 0.649334 0.044778 0.103508
0 0.087804 0.355475 0.044778 0.073687
0 0.154504 0.302844 0.040112 0.070179
0 0.539781 0.610739 0.023323 0.096492
0 0.415841 0.509364 0.046238 0.079904
0 0.686709 0.937934 0.055972 0.066667
0 0.408969 0.402429 0.029993 0.070505
0 0.437241 0.452078 0.023433 0.046414
0 0.484608 0.217851 0.032390 0.031304
0 0.441870 0.299920 0.022495 0.058379
0 0.176665 0.383680 0.036440 0.071915
0 0.495892 0.920810 0.019436 0.089343
0 0.360387 0.741107 0.028074 0.030459
0 0.746537 0.709511 0.061414 0.058480
0 0.478887 0.295673 0.032178 0.051116
