0 0.617711 0.534968 0.044651 0.039440
0 0.653905 0.662192 0.048035 0.064890
0 0.802738 0.478988 0.064270 0.054706
0 0.803752 0.888021 0.066299 0.048347
0 0.831151 0.788147 0.037209 0.085239
0 0.617374 0.860666 0.054797 0.047071
0 0.562238 0.472624 0.044651 0.049619
0 0.677245 0.461175 0.043298 0.039440
0 0.322076 0.505069 0.044651 0.055978
0 0.346093 0.854304 0.054797 0.052163
0 0.472600 0.611938 0.048032 0.050891
0 0.715806 0.787509 0.039238 0.040712
0 0.587946 0.304685 0.047356 0.041988
0 0.743882 0.326313 0.045327 0.034353
