0 0.643081 0.384839 0.106211 0.105601
0 0.655597 0.496162 0.132595 0.127227
0 0.527736 0.581403 0.113655 0.096690
0 0.414082 0.547052 0.098770 0.119596
0 0.491543 0.377206 0.100801 0.097966
0 0.536530 0.185094 0.104182 0.097966
0 0.774662 0.069954 0.078474 0.099238
0 0.879861 0.071224 0.100801 0.091602
0 0.819989 0.452904 0.092004 0.117048
0 0.852462 0.538147 0.089299 0.081428
0 0.803076 0.290055 0.077124 0.109412
0 0.697878 0.262066 0.069683 0.055978
0 0.720880 0.164736 0.072385 0.057250
0 0.678259 0.071226 0.076445 0.081423
0 0.602152 0.068680 0.062239 0.096690
0 0.622448 0.159649 0.063591 0.054706
0 0.681304 0.855576 0.115005 0.128499
0 0.313281 0.474532 0.081182 0.101781
0 0.298398 0.263974 0.066299 0.069977
0 0.328502 0.333310 0.083210 0.073792
0 0.427949 0.361938 0.073740 0.092874
0 0.338989 0.148198 0.055474 0.059793
0 0.590314 0.260156 0.056150 0.062342
0 0.720541 0.724534 0.073064 0.072521
0 0.844343 0.836492 0.105537 0.105601
0 0.955967 0.699089 0.081182 0.179389
0 0.918420 0.340310 0.072388 0.067433
0 0.675554 0.631660 0.060210 0.077608
0 0.607227 0.677459 0.061563 0.072521
0 0.465496 0.706086 0.081182 0.081428
0 0.151934 0.624660 0.046680 0.122140
0 0.546001 0.945907 0.093359 0.095422
0 0.574752 0.884839 0.096741 0.087787
0 0.453657 0.104304 0.060210 0.045799
0 0.844681 0.204814 0.056150 0.071244
0 0.371123 0.441453 0.060210 0.111961
