0 0.402920 0.381022 0.062915 0.069977
0 0.333577 0.513974 0.062241 0.068701
0 0.370785 0.613212 0.062239 0.089059
0 0.403596 0.548960 0.061563 0.049619
0 0.369771 0.673007 0.058857 0.068705
0 0.364697 0.791327 0.040591 0.083967
0 0.254087 0.823134 0.076445 0.083972
0 0.267617 0.722626 0.052090 0.081423
0 0.234130 0.611302 0.070359 0.052163
0 0.270322 0.570590 0.061562 0.075064
0 0.197936 0.470716 0.072385 0.071249
0 0.230408 0.364481 0.073740 0.064885
0 0.259161 0.345399 0.047356 0.067429
0 0.285883 0.417918 0.054797 0.082695
0 0.158699 0.580769 0.071035 0.054706
0 0.192861 0.741074 0.069004 0.062342
0 0.478011 0.652013 0.050740 0.049619
0 0.102211 0.698453 0.060886 0.073792
0 0.121829 0.840946 0.058179 0.058522
0 0.088679 0.418554 0.052769 0.081423
0 0.058914 0.557229 0.070356 0.063613
0 0.455687 0.443363 0.053445 0.047075
0 0.323091 0.418554 0.050737 0.053434
0 0.370785 0.424915 0.058181 0.053439
0 0.204363 0.878478 0.044648 0.080152
0 0.554796 0.429369 0.050061 0.047075
0 0.420508 0.284968 0.048032 0.050891
0 0.113711 0.400106 0.041943 0.072516
0 0.085297 0.490436 0.051414 0.054711
0 0.036588 0.489800 0.055476 0.058526
