0 0.410496 0.780131 0.069004 0.085239
0 0.830947 0.761047 0.061562 0.057254
0 0.958132 0.764229 0.064268 0.081423
0 0.927351 0.651635 0.051416 0.062342
0 0.858009 0.918809 0.077800 0.082695
0 0.621229 0.862828 0.069680 0.057254
0 0.566094 0.687893 0.059531 0.050891
0 0.682454 0.448705 0.059531 0.071249
0 0.490325 0.672626 0.059531 0.053434
0 0.721692 0.625551 0.064946 0.050891
0 0.696660 0.750868 0.067651 0.062342
0 0.604655 0.799215 0.078474 0.059798
0 0.566094 0.868554 0.050063 0.048347
0 0.663512 0.556848 0.047356 0.045799
0 0.897246 0.476058 0.049385 0.052163
0 0.957794 0.530769 0.055476 0.075064
0 0.795431 0.663083 0.058181 0.054706
0 0.758900 0.862828 0.048708 0.039440
0 0.786299 0.885094 0.049385 0.040712
0 0.441615 0.640817 0.031121 0.081423
0 0.567784 0.451251 0.042620 0.043255
0 0.571844 0.397817 0.045325 0.043255
0 0.631377 0.280767 0.049385 0.033076
0 0.730824 0.705069 0.043972 0.044527
0 0.667571 0.692346 0.043296 0.039440
