0 0.668798 0.120213 0.057839 0.138600
0 0.573644 0.776354 0.041047 0.131579
0 0.472894 0.587757 0.029851 0.087718
0 0.329231 0.691265 0.035449 0.077195
0 0.645010 0.028985 0.056904 0.057897
0 0.400597 0.686703 0.041980 0.038595
0 0.674395 0.203372 0.027988 0.117544
0 0.638013 0.357757 0.029854 0.107020
0 0.488286 0.132493 0.049443 0.170174
0 0.532598 0.847406 0.048511 0.136841
0 0.403395 0.521090 0.049441 0.108774
0 0.582506 0.244773 0.049441 0.085964
0 0.480356 0.357934 0.041045 0.098246
0 0.566182 0.576352 0.035449 0.124559
0 0.612826 0.373721 0.042913 0.136846
