0 0.536869 0.484077 0.111624 0.087787
0 0.580504 0.527332 0.060886 0.057254
0 0.628197 0.470716 0.065623 0.048347
0 0.669803 0.339036 0.063591 0.059798
0 0.715129 0.360666 0.055474 0.057254
0 0.761470 0.459901 0.064268 0.054706
0 0.868359 0.504433 0.050737 0.054706
0 0.847048 0.555960 0.052769 0.050891
0 0.796649 0.673643 0.066975 0.067433
0 0.855505 0.372117 0.061562 0.064885
0 0.396154 0.455450 0.058855 0.045803
0 0.300428 0.505702 0.047356 0.041983
0 0.732042 0.270971 0.046003 0.038168
0 0.791575 0.217537 0.044648 0.055983
0 0.692128 0.599215 0.046003 0.050891
0 0.793943 0.575677 0.046680 0.047075
