0 0.732380 0.414736 0.115684 0.167938
0 0.619741 0.319952 0.073062 0.054706
0 0.693143 0.228349 0.065623 0.054706
0 0.689423 0.279878 0.062239 0.066157
0 0.762823 0.246162 0.053445 0.041983
0 0.891023 0.330767 0.056826 0.048347
0 0.457717 0.433822 0.075093 0.063613
0 0.547354 0.391201 0.052769 0.047075
0 0.604858 0.395654 0.058179 0.063613
0 0.513528 0.322498 0.055474 0.059798
0 0.485454 0.255705 0.072388 0.063613
0 0.333915 0.385475 0.065623 0.055983
0 0.315649 0.499979 0.079150 0.061070
0 0.199965 0.408375 0.081858 0.071249
0 0.237849 0.522881 0.048032 0.040712
0 0.076841 0.497433 0.038560 0.058522
0 0.247322 0.561683 0.057505 0.054706
0 0.295692 0.592854 0.051414 0.043255
0 0.371461 0.460539 0.056829 0.068701
0 0.347445 0.603030 0.052092 0.050891
0 0.442495 0.510156 0.039238 0.043260
0 0.247322 0.879112 0.046680 0.038168
0 0.285883 0.956086 0.058855 0.082695
0 0.076840 0.643747 0.039915 0.076336
