0 0.674667 0.451281 0.108811 0.126318
0 0.718325 0.874438 0.128960 0.224844
0 0.635038 0.604123 0.064480 0.083370
0 0.546378 0.418437 0.091345 0.075790
0 0.492645 0.381804 0.088660 0.108632
0 0.596753 0.643281 0.047017 0.070739
0 0.556051 0.561173 0.073079 0.078315
0 0.652285 0.688985 0.048511 0.078944
0 0.494164 0.876706 0.058772 0.047369
0 0.860781 0.878877 0.031851 0.051777
0 0.863751 0.763138 0.038870 0.045689
0 0.841886 0.800195 0.036169 0.040611
0 0.798967 0.808317 0.028071 0.056855
0 0.726897 0.801717 0.035093 0.039596
