0 0.602152 0.652016 0.048708 0.041983
0 0.344402 0.807867 0.054121 0.035624
0 0.650522 0.279240 0.057505 0.052163
0 0.770265 0.536873 0.050740 0.053434
0 0.646464 0.615755 0.050740 0.043255
0 0.577460 0.844761 0.095388 0.073792
0 0.377550 0.547055 0.050061 0.063613
0 0.154640 0.937638 0.066975 0.045799
0 0.722233 0.489164 0.057502 0.064885
0 0.962733 0.373388 0.044651 0.075060
0 0.683334 0.359394 0.058181 0.054711
0 0.782103 0.325044 0.047356 0.052163
0 0.756735 0.253797 0.053445 0.041983
0 0.543634 0.242982 0.038562 0.043255
0 0.539575 0.470080 0.049385 0.069977
