0 0.291971 0.430640 0.112976 0.100510
0 0.095444 0.504431 0.085239 0.069972
0 0.154639 0.399470 0.046680 0.058526
0 0.215863 0.315500 0.059534 0.068705
0 0.184406 0.261430 0.045325 0.054706
0 0.119122 0.200996 0.050061 0.068705
0 0.561561 0.068680 0.078474 0.063613
0 0.748617 0.276061 0.041267 0.101781
0 0.944805 0.114483 0.071035 0.068701
0 0.900831 0.373388 0.050740 0.049614
0 0.888993 0.226442 0.035178 0.053434
0 0.137388 0.637383 0.043296 0.061065
0 0.023734 0.445271 0.037883 0.061065
0 0.695172 0.300868 0.042620 0.041983
0 0.807811 0.496162 0.043298 0.040716
