0 0.772633 0.618935 0.087947 0.069972
0 0.486469 0.463083 0.059534 0.104330
0 0.526720 0.739800 0.053445 0.113228
0 0.743881 0.562955 0.098093 0.075064
0 0.936349 0.715627 0.077122 0.077608
0 0.807135 0.902013 0.101477 0.086515
0 0.687393 0.807229 0.085239 0.080152
0 0.766206 0.793873 0.085918 0.071244
0 0.791575 0.734075 0.058179 0.066157
0 0.832843 0.655195 0.074417 0.058526
0 0.792928 0.498072 0.078474 0.064885
0 0.806121 0.291963 0.062915 0.047075
0 0.684010 0.414736 0.073064 0.083972
0 0.591327 0.509522 0.089299 0.064885
0 0.613990 0.563593 0.054797 0.061070
0 0.645449 0.581405 0.070356 0.053434
0 0.521985 0.632293 0.072388 0.068701
0 0.756735 0.680640 0.058855 0.061070
0 0.615344 0.713719 0.057505 0.043260
0 0.601475 0.623388 0.055474 0.043260
0 0.516912 0.260794 0.066299 0.076336
0 0.544310 0.332677 0.069680 0.064885
0 0.577460 0.412831 0.065623 0.052163
0 0.615343 0.312957 0.054797 0.050891
0 0.451627 0.524153 0.052092 0.091602
0 0.971865 0.604304 0.050737 0.076331
0 0.707349 0.961175 0.062915 0.059798
0 0.544648 0.445907 0.054121 0.044532
0 0.507778 0.413466 0.060210 0.053434
