0 0.349474 0.545145 0.056150 0.072521
0 0.424568 0.564229 0.057505 0.069972
0 0.448245 0.628476 0.061562 0.050891
0 0.232439 0.615117 0.061563 0.054706
0 0.301443 0.632929 0.064268 0.064885
0 0.368417 0.788783 0.038562 0.099238
0 0.167831 0.728988 0.046003 0.058526
0 0.814576 0.389293 0.074417 0.104325
0 0.782104 0.287509 0.052769 0.063613
0 0.238188 0.342218 0.050063 0.043260
0 0.343048 0.707358 0.046003 0.055983
0 0.192863 0.921100 0.070359 0.061070
0 0.092400 0.556596 0.043975 0.057250
0 0.224658 0.252523 0.031118 0.092879
0 0.402920 0.411556 0.049385 0.049614
0 0.216879 0.508884 0.053445 0.050891
