0 0.316664 0.488528 0.032473 0.089059
0 0.388712 0.488528 0.052092 0.063613
0 0.229731 0.807229 0.046680 0.047075
0 0.206393 0.624024 0.046003 0.062337
0 0.054515 0.585856 0.045325 0.049619
0 0.099504 0.326951 0.055474 0.055978
0 0.042001 0.620843 0.046003 0.061070
0 0.102886 0.680005 0.123125 0.097961
0 0.032528 0.720716 0.062239 0.113232
0 0.118784 0.763338 0.073740 0.078880
0 0.180009 0.675553 0.056829 0.063613
0 0.134681 0.529240 0.060886 0.071244
0 0.126227 0.586494 0.053445 0.066157
0 0.040647 0.531148 0.039238 0.041983
0 0.058574 0.403287 0.065620 0.053434
0 0.252057 0.529240 0.045325 0.083972
0 0.054854 0.842218 0.050063 0.073792
0 0.116416 0.480259 0.040591 0.069977
0 0.210114 0.405831 0.054797 0.040716
0 0.275396 0.683822 0.040591 0.080152
0 0.294340 0.347307 0.046003 0.045799
