0 0.549384 0.395652 0.075769 0.073792
0 0.490527 0.371481 0.067651 0.083972
0 0.619403 0.225806 0.062917 0.064890
0 0.752000 0.433186 0.079150 0.092874
0 0.644434 0.384839 0.058857 0.110689
0 0.706672 0.325041 0.046680 0.110689
0 0.779398 0.235983 0.059534 0.092874
0 0.876477 0.264610 0.058857 0.101781
0 0.814576 0.531786 0.062239 0.078880
0 0.779060 0.575044 0.075093 0.094146
0 0.854152 0.715629 0.083210 0.085243
0 0.961041 0.644380 0.072385 0.090331
0 0.961381 0.495526 0.075769 0.072521
0 0.951570 0.407103 0.052090 0.099238
0 0.967468 0.216265 0.054121 0.086515
0 0.645787 0.812321 0.071033 0.075064
0 0.735763 0.681912 0.065623 0.063613
0 0.491542 0.538783 0.066975 0.072516
0 0.423552 0.445271 0.054121 0.073792
0 0.365712 0.362573 0.069680 0.096690
0 0.441818 0.234711 0.048708 0.087787
0 0.457717 0.311047 0.045327 0.082700
0 0.517926 0.077585 0.045325 0.076336
0 0.534501 0.147562 0.059534 0.050891
0 0.473615 0.140562 0.047356 0.049619
0 0.342032 0.562955 0.065623 0.077608
0 0.238527 0.598579 0.064270 0.067433
0 0.479027 0.693999 0.071711 0.052167
0 0.539574 0.704176 0.069680 0.047075
0 0.546339 0.543237 0.054797 0.096694
0 0.839270 0.940817 0.062915 0.069972
0 0.663038 0.650106 0.048708 0.076336
0 0.261866 0.295142 0.066296 0.076336
0 0.096797 0.522243 0.052769 0.080152
0 0.661008 0.541963 0.073062 0.068701
