0 0.560547 0.152649 0.103506 0.081423
0 0.680966 0.268427 0.100798 0.119591
0 0.835886 0.690181 0.104858 0.123411
0 0.637670 0.867027 0.110271 0.105597
0 0.394463 0.749343 0.128535 0.223921
0 0.247321 0.751251 0.121096 0.092879
0 0.284192 0.369571 0.092007 0.105597
0 0.592681 0.546416 0.073062 0.064890
0 0.442157 0.235983 0.066975 0.120863
0 0.662700 0.396926 0.076445 0.066157
0 0.079546 0.660921 0.073740 0.059793
0 0.296368 0.595399 0.077122 0.058522
0 0.283853 0.668554 0.062915 0.064885
0 0.468202 0.381657 0.062239 0.048347
0 0.161404 0.528604 0.060210 0.059798
0 0.844681 0.268427 0.052092 0.058526
0 0.527736 0.520335 0.050061 0.078880
0 0.297383 0.937002 0.089976 0.100505
0 0.417126 0.595397 0.060210 0.063613
0 0.344401 0.532422 0.060886 0.057250
