0 0.642874 0.501630 0.057095 0.052663
0 0.646328 0.356596 0.058857 0.052163
0 0.481935 0.534077 0.054797 0.050891
0 0.556689 0.721736 0.081182 0.092874
0 0.618591 0.588147 0.060210 0.057250
0 0.865857 0.499089 0.056826 0.044532
0 0.672036 0.570971 0.037207 0.050886
0 0.636519 0.441837 0.055474 0.062342
0 0.549587 0.465374 0.048032 0.061070
0 0.452169 0.412573 0.053445 0.044532
0 0.424094 0.757994 0.064946 0.053434
0 0.501893 0.658758 0.059534 0.045799
0 0.591687 0.334878 0.041108 0.042704
0 0.565065 0.353652 0.045022 0.039022
0 0.506144 0.375372 0.039934 0.029449
0 0.488918 0.412922 0.045415 0.030923
0 0.427567 0.657888 0.056375 0.049835
0 0.420520 0.694465 0.056938 0.065735
0 0.420520 0.548154 0.050176 0.074215
0 0.205164 0.790416 0.055811 0.066791
0 0.584292 0.899619 0.073291 0.090119
0 0.674775 0.752778 0.042280 0.044527
0 0.770333 0.288933 0.048484 0.045588
0 0.823607 0.319676 0.038899 0.049830
0 0.582319 0.546035 0.049048 0.036047
0 0.551593 0.516348 0.046228 0.036047
0 0.412909 0.416157 0.037209 0.034986
0 0.377111 0.582082 0.040027 0.065735
0 0.277606 0.516348 0.045100 0.033926
0 0.739326 0.398664 0.042847 0.040285
0 0.558641 0.670080 0.054685 0.044532
0 0.351178 0.842895 0.051301 0.038168
0 0.249419 0.719380 0.052993 0.034986
0 0.168801 0.939908 0.042847 0.117686
0 0.112144 0.724681 0.045664 0.051951
0 0.138076 0.650466 0.050176 0.032870
0 0.564279 0.598517 0.042283 0.041350
0 0.595004 0.212596 0.050740 0.045588
0 0.499728 0.321270 0.038337 0.033926
0 0.706628 0.274089 0.038335 0.034991
