0 0.403596 0.747436 0.048032 0.089059
0 0.474630 0.599215 0.053445 0.057254
0 0.283176 0.744254 0.062915 0.057250
0 0.356917 0.367663 0.057505 0.057254
0 0.317678 0.303414 0.052090 0.063613
0 0.275735 0.276697 0.054800 0.071244
0 0.107283 0.460537 0.061562 0.067429
0 0.159037 0.466901 0.052766 0.090331
0 0.291295 0.577587 0.053445 0.067433
0 0.345078 0.574405 0.039238 0.091602
0 0.539574 0.288145 0.043972 0.050891
0 0.458394 0.170464 0.043975 0.041983
0 0.411036 0.164738 0.042620 0.048347
0 0.315988 0.231531 0.046003 0.047075
0 0.207745 0.417918 0.056829 0.053439
0 0.212819 0.478349 0.054797 0.047075
0 0.175950 0.755702 0.063594 0.062342
0 0.036250 0.821862 0.064268 0.062337
0 0.084282 0.687638 0.062915 0.081428
0 0.188126 0.597943 0.060886 0.049614
0 0.236498 0.848581 0.053445 0.064885
0 0.248336 0.323772 0.044651 0.063613
0 0.054854 0.505067 0.059531 0.054706
0 0.230408 0.717537 0.046680 0.049619
0 0.249351 0.664100 0.049385 0.041983
0 0.065677 0.402013 0.050061 0.044532
0 0.159713 0.702906 0.056829 0.050891
0 0.042001 0.607484 0.063591 0.048347
0 0.056882 0.297052 0.041943 0.045803
