0 0.838723 0.439775 0.048589 0.052388
0 0.824794 0.552468 0.060896 0.058480
0 0.746083 0.752273 0.044700 0.075537
0 0.936870 0.344137 0.047939 0.048733
0 0.718550 0.347789 0.047939 0.058480
0 0.804065 0.378248 0.051826 0.043861
0 0.841638 0.398960 0.057007 0.036552
0 0.715829 0.519573 0.060896 0.064573
0 0.659923 0.546377 0.036926 0.107208
0 0.673527 0.587801 0.033040 0.087723
0 0.710776 0.637753 0.051826 0.077975
0 0.755801 0.548815 0.044702 0.063352
0 0.707213 0.458659 0.043406 0.060918
0 0.883099 0.249107 0.038870 0.063356
0 0.905773 0.331343 0.042756 0.049949
