0 0.282511 0.477863 0.064832 0.064669
0 0.294351 0.555790 0.046792 0.048770
0 0.222471 0.550489 0.058633 0.067856
0 0.178215 0.580174 0.061450 0.057254
0 0.057571 0.498538 0.091895 0.080574
0 0.079840 0.604557 0.064270 0.061492
0 0.131423 0.667112 0.060322 0.067851
0 0.146364 0.774194 0.064270 0.084816
0 0.237128 0.749279 0.046228 0.058310
0 0.280256 0.814481 0.054683 0.053012
0 0.186954 0.634247 0.050740 0.048770
0 0.199357 0.482103 0.050740 0.045592
0 0.246713 0.510728 0.043972 0.049830
0 0.409639 0.405239 0.049609 0.048770
0 0.371586 0.336322 0.043411 0.048770
0 0.235155 0.300806 0.052429 0.043466
0 0.186108 0.394105 0.043408 0.043471
0 0.161302 0.425914 0.050173 0.039229
0 0.140725 0.483694 0.042847 0.044532
0 0.134524 0.536703 0.049609 0.048770
0 0.379196 0.786917 0.047356 0.074219
0 0.320283 0.589715 0.044536 0.055133
0 0.378069 0.583884 0.049609 0.047713
0 0.416405 0.599787 0.033826 0.045588
0 0.433317 0.451887 0.037209 0.057254
0 0.289840 0.364947 0.051301 0.036047
0 0.103799 0.361237 0.045664 0.043466
0 0.061799 0.394635 0.042847 0.042410
0 0.386807 0.738145 0.038901 0.048770
