0 0.403257 0.569318 0.070356 0.075064
0 0.580841 0.816136 0.107566 0.110684
0 0.673523 0.878478 0.061562 0.069977
0 0.763838 0.872117 0.097417 0.113232
0 0.250027 0.837766 0.075093 0.075064
0 0.192185 0.877840 0.069004 0.063613
0 0.205715 0.928095 0.081182 0.064885
0 0.034868 0.812957 0.069736 0.076336
0 0.035573 0.588402 0.069680 0.085243
0 0.231423 0.611938 0.077124 0.083967
0 0.244615 0.354304 0.069680 0.059793
0 0.326135 0.532422 0.069004 0.059793
0 0.484100 0.909649 0.056150 0.058526
0 0.411376 0.925551 0.051414 0.054711
0 0.513191 0.606848 0.057505 0.068701
0 0.621433 0.480895 0.048032 0.109412
0 0.122167 0.821226 0.064270 0.057254
0 0.122506 0.750615 0.060886 0.055978
0 0.058236 0.688274 0.064944 0.050891
0 0.413406 0.346671 0.066299 0.054711
0 0.633948 0.607484 0.051416 0.067429
0 0.204702 0.571862 0.060210 0.054706
0 0.053839 0.340946 0.058855 0.055978
0 0.277087 0.945271 0.061562 0.053434
0 0.311591 0.881022 0.052092 0.044532
0 0.839269 0.494890 0.053445 0.068705
0 0.193539 0.798326 0.036531 0.080152
