0 0.555991 0.729665 0.091895 0.097539
0 0.431682 0.711639 0.069907 0.076336
0 0.346272 0.567980 0.058066 0.062553
0 0.364031 0.432273 0.057505 0.096483
0 0.421252 0.419020 0.068213 0.069977
0 0.549790 0.352227 0.062578 0.067851
0 0.571495 0.415838 0.048484 0.061492
0 0.707079 0.540416 0.055813 0.047709
0 0.730757 0.564270 0.060322 0.048770
0 0.811093 0.721715 0.051868 0.047709
0 0.734703 0.651210 0.054685 0.040289
0 0.638864 0.545716 0.053557 0.045592
0 0.668743 0.398345 0.046792 0.054073
0 0.504690 0.529284 0.047920 0.055133
0 0.479320 0.493765 0.042283 0.056189
0 0.424353 0.500126 0.038335 0.056194
0 0.224219 0.573283 0.045103 0.083756
0 0.146420 0.610921 0.062014 0.065735
0 0.107521 0.416899 0.058630 0.067856
0 0.265374 0.329961 0.055249 0.057250
0 0.296097 0.420611 0.042283 0.041350
0 0.209843 0.757229 0.042283 0.089059
0 0.789952 0.416371 0.054685 0.054073
0 0.893683 0.574343 0.055813 0.060432
0 0.263400 0.489525 0.045667 0.064669
0 0.651267 0.277482 0.050176 0.049830
0 0.159950 0.561088 0.054119 0.050891
0 0.456488 0.800700 0.048484 0.061492
0 0.290742 0.565331 0.032700 0.053012
0 0.566703 0.468320 0.036643 0.043471
0 0.699468 0.425381 0.042847 0.046648
