0 0.298059 0.433184 0.062915 0.057250
0 0.222628 0.395018 0.050061 0.041983
0 0.281147 0.509520 0.046680 0.044532
0 0.172567 0.594764 0.056829 0.047075
0 0.182715 0.647562 0.063594 0.058522
0 0.216539 0.582041 0.047356 0.054706
0 0.269985 0.814865 0.066299 0.082695
0 0.297045 0.729621 0.043298 0.047075
0 0.138065 0.368301 0.050061 0.036896
0 0.140094 0.318044 0.051414 0.043260
0 0.192524 0.370209 0.043975 0.038168
0 0.280808 0.233439 0.043296 0.047071
0 0.264233 0.309139 0.049385 0.043255
0 0.062972 0.662828 0.063591 0.053434
0 0.039971 0.695271 0.051416 0.041983
0 0.093752 0.586492 0.046680 0.045803
0 0.046060 0.560411 0.052769 0.041988
0 0.063649 0.510156 0.046003 0.050891
0 0.091385 0.871481 0.059534 0.071244
0 0.182039 0.713721 0.052769 0.038168
0 0.366726 0.506338 0.041943 0.040712
0 0.361991 0.531148 0.047356 0.039440
0 0.104238 0.487890 0.054121 0.052163
0 0.100519 0.793873 0.053445 0.063613
0 0.097812 0.427459 0.050737 0.040712
0 0.366387 0.329495 0.046680 0.055978
0 0.398522 0.229621 0.050061 0.047075
0 0.455348 0.125296 0.047356 0.049619
0 0.218569 0.671100 0.054121 0.049619
0 0.244277 0.199086 0.043296 0.039440
0 0.045382 0.440184 0.047356 0.048347
