0 0.348121 0.438274 0.064270 0.072516
0 0.425582 0.404557 0.066296 0.063613
0 0.246307 0.501251 0.062239 0.061070
0 0.151934 0.489800 0.088623 0.073788
0 0.196245 0.304050 0.064946 0.068705
0 0.300428 0.296416 0.075769 0.078884
0 0.168507 0.583313 0.063591 0.052163
0 0.148550 0.545145 0.062915 0.059793
0 0.124535 0.648198 0.078474 0.059793
0 0.089695 0.670461 0.061563 0.063613
0 0.042001 0.659013 0.074417 0.073792
0 0.113372 0.873388 0.061563 0.075060
0 0.281146 0.758248 0.053445 0.061070
0 0.391080 0.571226 0.058181 0.048347
0 0.269985 0.580767 0.066299 0.072516
0 0.235144 0.701632 0.046680 0.067433
0 0.050795 0.548326 0.077122 0.061070
0 0.077178 0.818682 0.041943 0.059798
0 0.271337 0.402652 0.048708 0.047075
0 0.277764 0.487890 0.061562 0.075064
