0 0.198511 0.452948 0.085127 0.072094
0 0.212887 0.523450 0.058630 0.051951
0 0.138754 0.573283 0.067087 0.064674
0 0.191182 0.628944 0.061450 0.059376
0 0.226135 0.712172 0.064834 0.060432
0 0.142981 0.710051 0.071035 0.073159
0 0.104646 0.663400 0.052993 0.049830
0 0.071665 0.514440 0.052432 0.046648
0 0.091115 0.494826 0.060886 0.068916
0 0.123250 0.450829 0.055249 0.061492
0 0.124659 0.384564 0.054685 0.043471
0 0.035585 0.883398 0.054685 0.053012
0 0.295197 0.689376 0.059758 0.069972
0 0.397800 0.680365 0.050737 0.071033
0 0.310980 0.460370 0.046228 0.057250
0 0.356364 0.491116 0.041155 0.044527
0 0.369894 0.354878 0.055813 0.073154
0 0.338605 0.528753 0.045100 0.054073
0 0.298578 0.522392 0.043972 0.058310
0 0.252069 0.472032 0.040027 0.042410
0 0.223035 0.595018 0.050737 0.053012
0 0.036149 0.614100 0.051301 0.050891
0 0.109719 0.599258 0.042847 0.040289
0 0.164403 0.542537 0.046228 0.045588
0 0.072229 0.402587 0.050176 0.043466
0 0.237411 0.355937 0.044539 0.043471
0 0.343397 0.662870 0.044539 0.055133
0 0.340297 0.428563 0.038337 0.046648
