0 0.558990 0.762319 0.092683 0.092874
0 0.687866 0.920080 0.119067 0.113228
0 0.735898 0.471607 0.096064 0.086511
0 0.557637 0.278859 0.077798 0.103053
0 0.674335 0.228604 0.047356 0.053434
0 0.761605 0.243235 0.058181 0.047075
0 0.393245 0.829114 0.064268 0.076336
0 0.341830 0.637638 0.057502 0.064890
0 0.283988 0.778221 0.056829 0.089059
0 0.800844 0.606467 0.079827 0.078884
0 0.644231 0.435983 0.060210 0.071249
0 0.796107 0.661175 0.059534 0.055978
0 0.816404 0.366010 0.055474 0.045803
0 0.325594 0.479240 0.071033 0.083972
0 0.471720 0.371736 0.043972 0.085243
0 0.499457 0.299851 0.056150 0.089059
0 0.622921 0.668170 0.050061 0.052163
0 0.733868 0.715882 0.060886 0.058522
0 0.852258 0.950615 0.064946 0.085243
0 0.909424 0.787128 0.064268 0.068701
0 0.936484 0.710794 0.048032 0.081423
0 0.959823 0.604559 0.048708 0.085243
0 0.848536 0.724151 0.054797 0.062342
0 0.735560 0.546671 0.065623 0.058522
0 0.419629 0.412447 0.045327 0.069972
