0 0.706174 0.730735 0.029692 0.074454
0 0.711349 0.514566 0.031941 0.034688
0 0.788728 0.484952 0.033740 0.027920
0 0.804924 0.520489 0.037339 0.029610
0 0.304080 0.961421 0.042109 0.042640
0 0.502739 0.843005 0.023394 0.076993
0 0.503190 0.695792 0.031492 0.032998
0 0.455277 0.851889 0.031941 0.038921
0 0.564598 0.868388 0.031042 0.038072
0 0.475521 0.753747 0.027444 0.035537
0 0.712023 0.913060 0.038240 0.041455
0 0.766234 0.910096 0.028792 0.049073
0 0.827418 0.965092 0.025193 0.050762
0 0.709014 0.554780 0.034990 0.042893
