0 0.382286 0.276694 0.062239 0.064885
0 0.273030 0.265882 0.062915 0.071249
0 0.201996 0.685094 0.052092 0.082695
0 0.250366 0.730257 0.055474 0.053434
0 0.202333 0.852397 0.062239 0.104325
0 0.032191 0.622117 0.056150 0.094151
0 0.038618 0.458629 0.067651 0.077608
0 0.139418 0.457358 0.058181 0.047075
0 0.081576 0.683186 0.046677 0.078880
0 0.142462 0.736621 0.066975 0.073792
0 0.354886 0.528604 0.052092 0.039440
0 0.387360 0.381657 0.049387 0.068705
0 0.304148 0.376568 0.048032 0.061070
0 0.239203 0.487257 0.068328 0.058526
0 0.214510 0.412828 0.064944 0.075060
0 0.183053 0.540055 0.053445 0.059798
0 0.176964 0.356850 0.046677 0.059798
0 0.203687 0.639929 0.052769 0.043255
0 0.307192 0.556593 0.051416 0.064885
0 0.321737 0.512702 0.053445 0.045799
0 0.434377 0.471352 0.055474 0.082695
0 0.473615 0.440820 0.037883 0.049619
0 0.474968 0.473260 0.055474 0.055978
0 0.368079 0.669190 0.055474 0.048343
0 0.257808 0.599853 0.044648 0.064885
0 0.254763 0.383567 0.046680 0.062342
0 0.056884 0.809139 0.043298 0.061070
0 0.549723 0.514610 0.042620 0.054711
0 0.450275 0.756977 0.037209 0.073788
0 0.323429 0.646924 0.048708 0.036896
0 0.457379 0.395652 0.047356 0.055978
0 0.489175 0.281148 0.041943 0.055978
0 0.532471 0.339674 0.044648 0.048347
0 0.306516 0.793237 0.037886 0.069972
0 0.634962 0.506977 0.042620 0.049619
0 0.610270 0.373388 0.047356 0.047071
