0 0.838931 0.331403 0.077124 0.072521
0 0.795635 0.465629 0.071709 0.076336
0 0.888315 0.623388 0.082534 0.083967
0 0.590651 0.847307 0.139363 0.099233
0 0.315988 0.821226 0.087947 0.108145
0 0.153286 0.960539 0.083213 0.066157
0 0.353534 0.755702 0.092683 0.081423
0 0.433362 0.770971 0.072388 0.068701
0 0.627183 0.676187 0.077124 0.057250
0 0.736101 0.881660 0.083887 0.086515
0 0.722571 0.749341 0.073062 0.061070
0 0.434716 0.692089 0.066975 0.050891
0 0.278441 0.653287 0.066975 0.067429
0 0.363680 0.648198 0.054797 0.072521
0 0.629213 0.393108 0.047356 0.050891
0 0.250704 0.890562 0.065623 0.066157
0 0.262881 0.762702 0.060210 0.044532
0 0.487484 0.660285 0.068328 0.053434
0 0.506425 0.778604 0.068328 0.055978
0 0.717834 0.639927 0.067651 0.081423
0 0.660332 0.733441 0.066299 0.049619
0 0.220261 0.949725 0.057505 0.080156
