0 0.867352 0.529809 0.079480 0.082493
0 0.878225 0.480457 0.057734 0.071208
0 0.904094 0.418058 0.038989 0.040891
0 0.889473 0.445204 0.044238 0.034550
0 0.829863 0.494908 0.045737 0.040891
0 0.785624 0.394440 0.060735 0.069798
0 0.722828 0.378928 0.038616 0.034550
0 0.752446 0.546377 0.049111 0.093067
0 0.657408 0.391618 0.067483 0.055698
0 0.627229 0.430751 0.044614 0.046534
0 0.666968 0.469612 0.037114 0.029610
0 0.771003 0.664826 0.056987 0.060634
0 0.722079 0.793848 0.094851 0.083196
0 0.796685 0.965315 0.100098 0.069371
0 0.884785 0.872463 0.064858 0.065569
0 0.960891 0.898549 0.043115 0.059927
0 0.884410 0.942048 0.070857 0.115904
0 0.908591 0.752252 0.054736 0.060638
0 0.823115 0.762477 0.049487 0.052879
0 0.854906 0.675895 0.058108 0.049357
0 0.853594 0.649102 0.054736 0.053586
0 0.851414 0.324405 0.065605 0.055230
0 0.718324 0.285335 0.033743 0.029963
0 0.719542 0.529105 0.041550 0.069917
0 0.545619 0.400197 0.029368 0.043480
0 0.436162 0.349497 0.030449 0.065790
