0 0.326134 0.562321 0.060886 0.063613
0 0.370109 0.613845 0.059534 0.057250
0 0.437421 0.575677 0.065623 0.052163
0 0.360975 0.723896 0.048035 0.086515
0 0.817621 0.482167 0.064270 0.124683
0 0.784811 0.267153 0.073064 0.078880
0 0.606888 0.447179 0.047356 0.052163
0 0.542620 0.396290 0.052769 0.062342
0 0.417803 0.326315 0.049385 0.052163
0 0.238527 0.533058 0.049387 0.050891
0 0.116078 0.607486 0.065623 0.057250
0 0.165463 0.307229 0.053445 0.047075
0 0.079547 0.298326 0.054797 0.080152
0 0.335267 0.393108 0.056150 0.045803
0 0.678936 0.317408 0.045327 0.052163
0 0.548031 0.505705 0.044651 0.049619
0 0.563590 0.580769 0.046003 0.052163
0 0.167832 0.460537 0.052769 0.050891
0 0.067369 0.447179 0.050740 0.049619
0 0.741176 0.606212 0.038562 0.044527
0 0.704982 0.579497 0.046003 0.052163
