0 0.502434 0.584945 0.052432 0.085877
0 0.366003 0.503308 0.059194 0.049830
0 0.384326 0.817133 0.062012 0.073154
0 0.442112 0.699979 0.061450 0.063613
0 0.530623 0.747160 0.061450 0.049830
0 0.632098 0.839399 0.055813 0.060432
0 0.852810 0.757231 0.082310 0.069972
0 0.691294 0.653859 0.050176 0.051951
0 0.731603 0.625764 0.056375 0.061492
0 0.708489 0.563209 0.054121 0.048770
0 0.609548 0.528223 0.049048 0.059376
0 0.243386 0.762532 0.043975 0.053007
0 0.308219 0.752459 0.058630 0.045588
0 0.291306 0.553669 0.041719 0.065730
0 0.316111 0.483694 0.038335 0.050886
0 0.762609 0.371311 0.046228 0.046653
0 0.566985 0.365480 0.039463 0.047709
0 0.394474 0.603499 0.042844 0.053012
0 0.552045 0.456657 0.041155 0.064674
0 0.651830 0.547835 0.042283 0.049830
0 0.429709 0.441816 0.035518 0.051951
0 0.788260 0.572222 0.043411 0.045592
0 0.331615 0.690436 0.044539 0.057254
0 0.367977 0.654920 0.036082 0.051951
