0 0.456364 0.416644 0.061565 0.062342
0 0.528751 0.389929 0.066975 0.077608
0 0.603843 0.370843 0.050737 0.049619
0 0.740498 0.465629 0.061562 0.055978
0 0.775000 0.456086 0.046680 0.047075
0 0.684010 0.517792 0.044651 0.048347
0 0.627521 0.563593 0.058855 0.066157
0 0.567987 0.537511 0.054797 0.044527
0 0.516572 0.561049 0.048032 0.063613
0 0.449938 0.555324 0.047356 0.075064
0 0.410699 0.516517 0.048708 0.058526
0 0.396492 0.410918 0.055474 0.050891
0 0.381609 0.333313 0.050063 0.043255
0 0.295015 0.216263 0.054121 0.048347
0 0.311591 0.399470 0.056150 0.053439
0 0.309222 0.459901 0.060886 0.057250
0 0.214172 0.447815 0.053442 0.048347
0 0.256454 0.401380 0.058181 0.052163
0 0.222290 0.339036 0.050737 0.059798
0 0.365374 0.506341 0.054121 0.050891
0 0.327150 0.555321 0.049387 0.057254
0 0.287913 0.524789 0.057505 0.057254
0 0.281484 0.345399 0.054121 0.064885
0 0.406301 0.627204 0.052090 0.055978
0 0.675553 0.669190 0.057502 0.063613
