0 0.359961 0.569316 0.064946 0.067429
0 0.303811 0.471988 0.052769 0.055978
0 0.079208 0.746798 0.050061 0.137406
0 0.229731 0.496798 0.037207 0.047075
0 0.204364 0.730257 0.033826 0.050891
0 0.668112 0.580767 0.043972 0.034353
0 0.729336 0.569952 0.043296 0.040712
0 0.799017 0.652013 0.036531 0.052163
0 0.840961 0.666646 0.029768 0.066157
0 0.888993 0.851761 0.048708 0.044532
0 0.828445 0.960537 0.046680 0.053434
0 0.629889 0.824405 0.047356 0.091602
0 0.661348 0.921097 0.034502 0.076336
0 0.583885 0.437638 0.033826 0.043255
0 0.651537 0.646924 0.031121 0.092874
0 0.741514 0.493618 0.052769 0.048347
0 0.806459 0.586492 0.043298 0.043260
0 0.706674 0.314865 0.038562 0.034348
0 0.740498 0.405831 0.030444 0.048347
