0 0.457220 0.458990 0.041716 0.045592
0 0.217622 0.392197 0.049609 0.043466
0 0.129958 0.329644 0.058066 0.054073
0 0.219877 0.493448 0.062014 0.053012
0 0.153073 0.665204 0.055813 0.044532
0 0.184924 0.628625 0.052993 0.049830
0 0.343622 0.352968 0.054685 0.043466
0 0.259904 0.770165 0.047356 0.063609
0 0.357434 0.725106 0.040591 0.066795
0 0.288658 0.372169 0.038499 0.044174
0 0.418016 0.661460 0.043391 0.039881
0 0.431393 0.611761 0.040129 0.033742
0 0.255872 0.543349 0.046001 0.051538
0 0.275283 0.343639 0.051548 0.042337
0 0.460592 0.336276 0.043064 0.047245
0 0.459287 0.549793 0.037192 0.055831
0 0.561567 0.506843 0.044043 0.044789
0 0.549333 0.439045 0.033931 0.062580
0 0.174635 0.536600 0.044695 0.038039
0 0.251630 0.223997 0.046003 0.038655
0 0.398116 0.334130 0.045349 0.061354
0 0.339032 0.430223 0.043103 0.048590
0 0.327622 0.405053 0.045767 0.033659
0 0.240454 0.577206 0.060322 0.057250
0 0.135314 0.460581 0.083435 0.089059
0 0.192817 0.316391 0.063140 0.091175
0 0.121501 0.271331 0.060322 0.066795
0 0.076683 0.562362 0.074417 0.065735
0 0.048495 0.672094 0.077800 0.066795
0 0.233126 0.685877 0.062576 0.058310
0 0.173650 0.736768 0.066523 0.060432
0 0.297394 0.690117 0.052429 0.047709
0 0.331219 0.621736 0.052429 0.048770
0 0.356025 0.504580 0.052432 0.064669
0 0.289502 0.434605 0.054683 0.045592
0 0.305287 0.227332 0.038899 0.053012
0 0.416912 0.181742 0.042280 0.055129
