0 0.760800 0.635822 0.066404 0.060918
0 0.791031 0.556125 0.057766 0.043655
0 0.848796 0.598765 0.058843 0.078173
0 0.799130 0.498760 0.062083 0.050762
0 0.616388 0.637854 0.061545 0.040611
0 0.626915 0.710953 0.084758 0.056855
0 0.686029 0.698262 0.055066 0.037562
0 0.695747 0.789128 0.052905 0.044674
0 0.595924 0.594392 0.049861 0.060638
0 0.613358 0.546449 0.041990 0.057810
0 0.721704 0.605673 0.051738 0.045119
0 0.689087 0.648680 0.049487 0.052172
0 0.797178 0.443852 0.041553 0.037016
0 0.860442 0.315769 0.038740 0.053466
0 0.749463 0.515007 0.037251 0.054826
0 0.696826 0.416524 0.059385 0.044674
0 0.662275 0.564754 0.077739 0.050767
0 0.785363 0.479977 0.056145 0.041625
0 0.939222 0.417539 0.056145 0.044674
0 0.918169 0.484038 0.041030 0.049747
0 0.887396 0.430232 0.049666 0.045689
0 0.892526 0.385558 0.041570 0.051777
0 0.835570 0.439876 0.045349 0.048733
