0 0.503719 0.705450 0.096741 0.087787
0 0.561223 0.634203 0.076445 0.075064
0 0.543296 0.568046 0.069004 0.080152
0 0.514543 0.478988 0.049385 0.080152
0 0.666420 0.479624 0.062239 0.078880
0 0.744557 0.458632 0.054797 0.064885
0 0.721895 0.645652 0.056826 0.085243
0 0.674200 0.757612 0.077800 0.085243
0 0.602828 0.855576 0.075769 0.082695
0 0.385330 0.945909 0.077798 0.087787
0 0.266602 0.807229 0.064946 0.054706
0 0.353872 0.760792 0.060884 0.066157
0 0.334930 0.702270 0.062239 0.086515
0 0.259836 0.593492 0.055474 0.052163
0 0.461775 0.506977 0.046680 0.080152
0 0.421862 0.610666 0.052092 0.055978
0 0.446555 0.564229 0.054121 0.054711
0 0.503381 0.340310 0.063594 0.059793
0 0.552767 0.400742 0.059534 0.061070
0 0.772295 0.595399 0.050737 0.081423
0 0.824724 0.452904 0.058179 0.089059
0 0.889670 0.522243 0.055474 0.052163
0 0.743881 0.284966 0.039915 0.071244
0 0.617036 0.402649 0.041943 0.090331
0 0.565620 0.308503 0.054121 0.057254
0 0.610608 0.304050 0.050737 0.048347
0 0.471248 0.238528 0.048032 0.057250
0 0.353196 0.331403 0.063594 0.075064
0 0.638345 0.177461 0.045327 0.039440
