0 0.353037 0.650149 0.060322 0.059371
0 0.452823 0.700507 0.051301 0.049830
0 0.492004 0.698388 0.041719 0.058310
0 0.599965 0.604557 0.062576 0.063613
0 0.711025 0.750340 0.078364 0.111322
0 0.833926 0.576465 0.061450 0.060432
0 0.891146 0.693618 0.058630 0.057254
0 0.627306 0.547307 0.048484 0.044532
0 0.542179 0.504369 0.034954 0.049830
0 0.349938 0.521331 0.034954 0.075280
0 0.294971 0.474681 0.050176 0.056194
0 0.614905 0.412130 0.042847 0.039229
0 0.646194 0.375551 0.034390 0.044527
0 0.664514 0.492707 0.039463 0.047709
0 0.656622 0.555257 0.037209 0.041350
0 0.714126 0.548896 0.054121 0.049830
0 0.256071 0.752991 0.051301 0.061492
0 0.294125 0.701570 0.055247 0.041350
0 0.200541 0.718003 0.043972 0.057254
0 0.173198 0.663930 0.051304 0.057254
0 0.591508 0.663400 0.051301 0.054073
0 0.475374 0.797518 0.052432 0.059371
0 0.515682 0.892408 0.062014 0.054073
0 0.392218 0.544128 0.033826 0.048770
0 0.557401 0.550489 0.034954 0.040289
0 0.316957 0.520801 0.040027 0.046653
0 0.435629 0.420080 0.034954 0.055129
0 0.524984 0.467789 0.038899 0.042410
0 0.210688 0.499598 0.037207 0.063613
