0 0.596401 0.438910 0.066973 0.063613
0 0.839946 0.416644 0.058857 0.062342
0 0.622448 0.644380 0.058181 0.064885
0 0.535515 0.518425 0.050737 0.036896
0 0.505410 0.910282 0.055474 0.052163
0 0.687393 0.807231 0.066299 0.057254
0 0.807813 0.643108 0.055474 0.052167
0 0.511837 0.662828 0.058855 0.048347
0 0.626168 0.268427 0.041267 0.068701
0 0.711409 0.503797 0.053442 0.050891
0 0.754368 0.832674 0.054121 0.054706
0 0.420847 0.568682 0.054121 0.050891
0 0.599106 0.501251 0.048032 0.055983
0 0.495940 0.547052 0.044648 0.061065
0 0.464482 0.511428 0.048032 0.048347
0 0.490527 0.461811 0.036533 0.038168
0 0.447570 0.450996 0.039915 0.054711
0 0.720880 0.414738 0.056150 0.050891
0 0.662361 0.377206 0.043296 0.044532
0 0.360637 0.227078 0.056826 0.052163
