0 0.532133 0.697179 0.056150 0.061070
0 0.488837 0.579495 0.054797 0.047071
0 0.461100 0.592854 0.042620 0.048343
0 0.395477 0.569954 0.065623 0.073792
0 0.394125 0.485985 0.066975 0.061070
0 0.234806 0.568680 0.073064 0.068701
0 0.210790 0.393108 0.061565 0.068705
0 0.323090 0.401377 0.054797 0.044527
0 0.392434 0.676187 0.052769 0.044532
0 0.568665 0.523515 0.049385 0.077608
0 0.478689 0.433184 0.050737 0.049619
0 0.453657 0.362576 0.049385 0.050891
0 0.326473 0.335856 0.062917 0.061070
0 0.241909 0.498705 0.050737 0.055978
0 0.594373 0.482803 0.046680 0.059793
0 0.561560 0.346033 0.040591 0.048347
0 0.505748 0.342854 0.053445 0.052163
0 0.165802 0.443363 0.044651 0.054706
0 0.303810 0.294506 0.047356 0.049619
0 0.351843 0.589038 0.043296 0.061070
0 0.207745 0.339036 0.041946 0.064885
0 0.671494 0.589672 0.050737 0.049619
