0 0.540251 0.415372 0.052090 0.064885
0 0.568326 0.312321 0.050061 0.049619
0 0.297046 0.349215 0.055474 0.041983
0 0.275059 0.448453 0.057505 0.059798
0 0.095106 0.545145 0.062917 0.072521
0 0.117432 0.402013 0.045327 0.068701
0 0.048088 0.364483 0.056826 0.054706
0 0.320385 0.698450 0.045325 0.066157
0 0.361991 0.837764 0.047356 0.062342
0 0.401565 0.548324 0.048032 0.048347
0 0.478350 0.358758 0.056826 0.045799
0 0.313281 0.533058 0.047354 0.053434
0 0.661010 0.463083 0.047356 0.043255
0 0.247998 0.255705 0.039912 0.045799
0 0.494249 0.551506 0.054797 0.041983
0 0.192524 0.457994 0.050737 0.048347
0 0.407993 0.670464 0.037886 0.073792
0 0.283176 0.597307 0.046680 0.052163
0 0.695848 0.239164 0.045325 0.043260
0 0.402242 0.438274 0.045325 0.047071
0 0.227363 0.657739 0.040591 0.058526
0 0.136035 0.826951 0.047354 0.043260
