0 0.737115 0.458629 0.056150 0.097966
0 0.818635 0.506341 0.081182 0.081423
0 0.841637 0.369573 0.063591 0.067429
0 0.839608 0.618299 0.077122 0.099233
0 0.702614 0.239800 0.068328 0.085239
0 0.602152 0.148834 0.062239 0.061065
0 0.633948 0.412828 0.073062 0.075060
0 0.375520 0.255702 0.055474 0.081423
0 0.410361 0.152013 0.058857 0.057250
0 0.216541 0.164100 0.066299 0.058522
0 0.401228 0.618935 0.078477 0.069972
0 0.533824 0.679369 0.079827 0.068701
0 0.499321 0.346033 0.043296 0.073792
0 0.438436 0.382293 0.066296 0.069977
0 0.474967 0.269699 0.047356 0.089059
0 0.544310 0.281150 0.053445 0.071244
0 0.552090 0.117027 0.043296 0.081428
0 0.790560 0.162192 0.058855 0.064890
0 0.935333 0.491708 0.066975 0.115776
