0 0.432821 0.353285 0.085242 0.089059
0 0.321536 0.586111 0.075093 0.066162
0 0.374979 0.740691 0.099446 0.085239
0 0.555269 0.774405 0.069004 0.089059
0 0.576918 0.636366 0.060886 0.057250
0 0.779534 0.544761 0.065620 0.067429
0 0.671290 0.447433 0.068328 0.058522
0 0.690571 0.482420 0.055474 0.062342
0 0.703765 0.578478 0.061562 0.081428
0 0.786299 0.615374 0.060210 0.058526
0 0.864098 0.507867 0.057502 0.059793
0 0.494722 0.459520 0.066973 0.057250
0 0.629009 0.313209 0.066299 0.062342
0 0.667909 0.216517 0.060208 0.057250
0 0.485927 0.178988 0.052092 0.058526
0 0.223778 0.609649 0.059534 0.057250
0 0.172701 0.574024 0.056150 0.110684
0 0.284664 0.222243 0.063591 0.089059
0 0.343859 0.521226 0.066975 0.081423
0 0.740297 0.871736 0.068328 0.069972
0 0.746046 0.770590 0.058181 0.058526
0 0.128391 0.407358 0.044648 0.120868
