0 0.641727 0.353033 0.054797 0.085239
0 0.345754 0.619571 0.043296 0.063613
0 0.135697 0.538147 0.054797 0.061070
0 0.253411 0.325677 0.045327 0.040712
0 0.244954 0.185094 0.044648 0.057250
0 0.449937 0.557231 0.043296 0.068705
0 0.419493 0.501249 0.056829 0.050891
0 0.164448 0.921733 0.051416 0.052163
0 0.202671 0.340946 0.049385 0.040716
0 0.063309 0.559139 0.053445 0.072521
0 0.103224 0.645652 0.050740 0.057254
0 0.066692 0.742346 0.061562 0.069972
0 0.056544 0.874663 0.056150 0.052163
0 0.050457 0.939545 0.064268 0.057254
0 0.212144 0.599215 0.045327 0.053434
0 0.167493 0.580131 0.049385 0.043255
0 0.198275 0.500615 0.048708 0.092874
0 0.469218 0.307231 0.056150 0.057254
0 0.433024 0.342854 0.046003 0.067433
0 0.398522 0.395018 0.058181 0.059798
0 0.355902 0.160282 0.060886 0.063613
0 0.287574 0.417282 0.059534 0.048347
0 0.250027 0.674279 0.058857 0.043260
0 0.356578 0.679369 0.071711 0.061070
0 0.168170 0.746798 0.052092 0.071244
0 0.096798 0.419826 0.062239 0.071249
0 0.056206 0.431912 0.055474 0.087782
0 0.173582 0.384839 0.052090 0.097961
0 0.203348 0.446545 0.052092 0.068701
0 0.226350 0.402649 0.072388 0.064885
0 0.620079 0.396926 0.072385 0.058526
