0 0.595724 0.253797 0.081858 0.062342
0 0.805444 0.276058 0.075093 0.063613
0 0.858888 0.299598 0.064270 0.054706
0 0.891361 0.393744 0.057502 0.077608
0 0.452305 0.672369 0.098096 0.064885
0 0.516572 0.734077 0.100801 0.078880
0 0.551414 0.512702 0.059531 0.058526
0 0.579489 0.405831 0.076448 0.061065
0 0.590313 0.332039 0.061562 0.053434
0 0.484438 0.321862 0.069004 0.061070
0 0.384991 0.265882 0.086594 0.078880
0 0.495602 0.508248 0.066975 0.085239
0 0.268970 0.808503 0.065620 0.067429
0 0.294677 0.622117 0.053445 0.050891
0 0.380255 0.538781 0.062239 0.049619
0 0.480380 0.629114 0.051414 0.049614
