0 0.359283 0.527968 0.062239 0.061070
0 0.548031 0.543873 0.063591 0.100510
0 0.480380 0.776061 0.074417 0.099238
0 0.546340 0.699086 0.061562 0.064885
0 0.253071 0.785601 0.067651 0.062342
0 0.165464 0.710539 0.060210 0.054706
0 0.096459 0.693363 0.068328 0.055983
0 0.116417 0.885475 0.060886 0.063613
0 0.158022 0.596671 0.050737 0.055978
0 0.174596 0.333313 0.050061 0.045799
0 0.256454 0.472624 0.048708 0.049619
0 0.209098 0.580131 0.047356 0.043255
0 0.137388 0.506341 0.051416 0.055978
0 0.088003 0.431276 0.054121 0.066162
0 0.064325 0.602397 0.055476 0.041983
0 0.031176 0.831405 0.056829 0.067429
0 0.641727 0.465627 0.039915 0.111961
0 0.957321 0.144380 0.067649 0.092874
0 0.789208 0.419826 0.050740 0.068705
0 0.024749 0.543871 0.043975 0.036896
0 0.262881 0.419190 0.048032 0.047075
0 0.433362 0.521607 0.043975 0.045803
0 0.402244 0.393108 0.034502 0.043260
0 0.166140 0.882293 0.042622 0.052163
