0 0.279117 0.468173 0.046677 0.050891
0 0.313619 0.558503 0.054797 0.066162
0 0.305839 0.635475 0.060886 0.067433
0 0.543972 0.421097 0.052769 0.045803
0 0.524015 0.563593 0.049387 0.068701
0 0.434714 0.617027 0.048032 0.055983
0 0.624139 0.566136 0.054797 0.043255
0 0.796987 0.833313 0.073062 0.071244
0 0.322415 0.743618 0.046680 0.047071
0 0.254087 0.462447 0.046680 0.047071
0 0.352181 0.526061 0.041267 0.047071
0 0.663715 0.505705 0.041946 0.044532
0 0.306178 0.379114 0.037209 0.033076
0 0.884595 0.538783 0.061563 0.062342
0 0.387698 0.636111 0.032471 0.055978
