0 0.587268 0.537509 0.052769 0.077608
0 0.648832 0.550868 0.059534 0.073792
0 0.634962 0.620845 0.057502 0.081423
0 0.571371 0.608122 0.052092 0.045803
0 0.288589 0.949089 0.064268 0.096690
0 0.141786 0.769063 0.066975 0.059798
0 0.183729 0.660921 0.057502 0.059793
0 0.247998 0.459265 0.053442 0.058522
0 0.435392 0.393108 0.045325 0.071249
0 0.363344 0.692089 0.056829 0.053434
0 0.047412 0.647562 0.063594 0.083967
0 0.168169 0.523517 0.050737 0.059798
0 0.244954 0.607486 0.046001 0.057250
0 0.495601 0.492344 0.034502 0.063613
0 0.206731 0.728988 0.038560 0.040712
0 0.101195 0.716901 0.056150 0.059798
0 0.045382 0.735347 0.048708 0.043255
0 0.022042 0.857486 0.038562 0.066157
0 0.072104 0.770971 0.043975 0.045799
0 0.701599 0.909013 0.070356 0.095418
0 0.497970 0.744890 0.033826 0.062342
0 0.464482 0.855579 0.045327 0.064885
0 0.222968 0.933820 0.039915 0.071249
