0 0.617159 0.622052 0.056375 0.145253
0 0.510891 0.794867 0.073853 0.113444
0 0.252125 0.641136 0.065959 0.064669
0 0.446903 0.526102 0.062014 0.067851
0 0.453950 0.632656 0.049048 0.047709
0 0.563884 0.613572 0.070469 0.060432
0 0.707361 0.618340 0.065396 0.063613
0 0.859293 0.715351 0.078362 0.073154
0 0.744851 0.532463 0.060322 0.072098
0 0.359240 0.579114 0.053557 0.055133
0 0.556836 0.475742 0.040591 0.047709
0 0.314702 0.413719 0.043408 0.050891
0 0.408568 0.605090 0.036082 0.056194
0 0.797844 0.381912 0.044536 0.055129
0 0.566421 0.528753 0.025933 0.068912
0 0.295817 0.511791 0.048484 0.064674
0 0.486085 0.344275 0.042283 0.058310
