0 0.295354 0.339038 0.061562 0.057250
0 0.262881 0.432548 0.061562 0.048347
0 0.117770 0.539419 0.074417 0.066157
0 0.173920 0.523515 0.051414 0.049619
0 0.224998 0.593489 0.048032 0.044527
0 0.184407 0.608122 0.048032 0.055978
0 0.090370 0.685094 0.068328 0.052163
0 0.029484 0.632293 0.054797 0.058526
0 0.034896 0.541965 0.056150 0.050891
0 0.140432 0.321224 0.049385 0.049619
0 0.179332 0.297055 0.066296 0.052163
0 0.371799 0.036873 0.064268 0.050891
0 0.191848 0.880386 0.049385 0.055978
0 0.209099 0.687002 0.051416 0.050891
0 0.286559 0.759520 0.041267 0.048343
0 0.141448 0.740436 0.052769 0.048347
0 0.039633 0.832677 0.064270 0.082700
0 0.048765 0.450360 0.056826 0.053439
0 0.057898 0.397560 0.057505 0.049619
0 0.146860 0.448450 0.055474 0.052163
0 0.379242 0.529876 0.069680 0.057254
0 0.417465 0.360666 0.047356 0.047071
0 0.320046 0.513974 0.050063 0.058526
0 0.361313 0.568682 0.044648 0.055978
0 0.483762 0.424915 0.040591 0.053439
