0 0.789884 0.352397 0.119744 0.157759
0 0.947849 0.449089 0.078477 0.111961
0 0.324443 0.767792 0.077798 0.092874
0 0.585916 0.546416 0.079829 0.059793
0 0.733057 0.639291 0.085918 0.100510
0 0.484438 0.337764 0.069004 0.062342
0 0.449598 0.396926 0.057502 0.066157
0 0.542620 0.450996 0.070356 0.069972
0 0.623124 0.462447 0.067649 0.075060
0 0.391418 0.542601 0.061562 0.054706
0 0.462791 0.552142 0.062241 0.045799
0 0.339666 0.400742 0.056826 0.061070
0 0.446554 0.663464 0.063591 0.054706
0 0.214172 0.484711 0.056152 0.073792
0 0.324105 0.590310 0.050061 0.063613
0 0.343047 0.495526 0.054121 0.062337
0 0.589636 0.353669 0.053442 0.066162
0 0.722910 0.373388 0.087271 0.082700
0 0.968146 0.255067 0.062239 0.072521
0 0.472600 0.493618 0.065620 0.058522
