0 0.306178 0.840946 0.058855 0.068705
0 0.611624 0.524789 0.051416 0.069972
0 0.607227 0.642472 0.046680 0.122135
0 0.813562 0.512700 0.052090 0.076336
0 0.630565 0.309775 0.060886 0.052167
0 0.624138 0.359394 0.050737 0.039440
0 0.732380 0.390565 0.069683 0.053434
0 0.749969 0.345399 0.056150 0.041983
0 0.841637 0.340310 0.062239 0.054706
0 0.839607 0.251251 0.052769 0.052163
0 0.935671 0.379114 0.040591 0.073792
0 0.459408 0.466265 0.062239 0.052163
0 0.542620 0.450360 0.056826 0.050886
0 0.533486 0.545781 0.060210 0.055978
0 0.452305 0.613209 0.066973 0.050891
0 0.486469 0.673005 0.050061 0.040712
0 0.413743 0.687002 0.045327 0.048347
0 0.286559 0.702270 0.057502 0.061070
0 0.193877 0.411556 0.064268 0.059798
0 0.074473 0.324408 0.062241 0.073792
0 0.144491 0.531784 0.043972 0.040712
0 0.186774 0.762066 0.048708 0.050891
0 0.199628 0.689545 0.056829 0.048347
0 0.083267 0.804052 0.054121 0.066157
0 0.674877 0.471352 0.058855 0.057250
0 0.547692 0.580767 0.053445 0.036896
0 0.831151 0.574405 0.043972 0.057250
0 0.684686 0.382293 0.048708 0.049619
0 0.229393 0.357484 0.051414 0.048347
