0 0.541942 0.847943 0.077122 0.057254
0 0.596401 0.620843 0.079150 0.068701
0 0.643759 0.743616 0.095388 0.077608
0 0.359285 0.751887 0.079829 0.066162
0 0.742866 0.652652 0.067651 0.058526
0 0.501689 0.402013 0.071035 0.061070
0 0.430656 0.519061 0.081858 0.063613
0 0.290281 0.742346 0.079829 0.090331
0 0.226350 0.790691 0.060210 0.069977
0 0.484100 0.863209 0.107566 0.090331
0 0.457717 0.753159 0.062915 0.053434
0 0.558855 0.727713 0.079829 0.083967
0 0.641051 0.891201 0.068328 0.047075
0 0.820665 0.919190 0.087947 0.082695
0 0.840961 0.802778 0.075769 0.083967
0 0.772971 0.819316 0.052090 0.053434
0 0.450614 0.683186 0.059534 0.053434
0 0.299751 0.589674 0.074414 0.057254
0 0.386006 0.362573 0.062915 0.063613
0 0.241571 0.430640 0.063591 0.072521
0 0.511499 0.561047 0.063594 0.053434
0 0.374167 0.660918 0.058179 0.064885
0 0.714453 0.883565 0.066299 0.049619
0 0.334253 0.514610 0.051416 0.077612
0 0.630905 0.388021 0.054797 0.048347
0 0.504735 0.356848 0.060886 0.049619
