0 0.310576 0.437638 0.054121 0.048343
0 0.364358 0.353669 0.056152 0.058522
0 0.442157 0.498705 0.054797 0.050891
0 0.409008 0.104940 0.058855 0.059798
0 0.193201 0.546416 0.076445 0.062337
0 0.207407 0.473260 0.054800 0.048347
0 0.139418 0.410285 0.059534 0.039440
0 0.108975 0.472626 0.044648 0.041983
0 0.096121 0.540055 0.055474 0.047071
0 0.122505 0.648198 0.067651 0.057250
0 0.155316 0.691455 0.053445 0.062342
0 0.207069 0.667918 0.058181 0.055983
0 0.293324 0.657741 0.056150 0.050891
0 0.246307 0.631022 0.047356 0.048343
0 0.238527 0.712447 0.052092 0.048347
0 0.141110 0.833946 0.052092 0.052163
0 0.127241 0.882293 0.066299 0.082695
0 0.074811 0.872753 0.060208 0.058526
0 0.046396 0.695273 0.062915 0.049619
0 0.266265 0.304050 0.049385 0.053434
0 0.192524 0.331405 0.049385 0.041983
0 0.085635 0.433820 0.050737 0.048347
0 0.311591 0.560411 0.043972 0.049619
0 0.366726 0.710539 0.043296 0.049619
0 0.306516 0.827587 0.050063 0.047075
0 0.253073 0.500615 0.048708 0.057254
0 0.201995 0.244890 0.046680 0.044527
0 0.037941 0.575041 0.063591 0.048347
0 0.348123 0.521607 0.046680 0.045803
0 0.208083 0.608756 0.046680 0.041983
0 0.031176 0.825041 0.051414 0.044527
0 0.274044 0.270335 0.044651 0.036896
