0 0.462113 0.526061 0.073064 0.067429
0 0.528412 0.487257 0.064944 0.068701
0 0.790222 0.357486 0.079829 0.089059
0 0.572385 0.605579 0.052769 0.050891
0 0.587607 0.715629 0.075093 0.067429
0 0.606888 0.784966 0.074417 0.068701
0 0.247998 0.704814 0.061563 0.068701
0 0.174934 0.775422 0.061562 0.062342
0 0.199966 0.423643 0.052090 0.063613
0 0.073120 0.692089 0.055474 0.073792
0 0.574415 0.390562 0.064944 0.063613
0 0.627859 0.371481 0.064946 0.061070
0 0.700247 0.545781 0.040591 0.048347
0 0.582195 0.906467 0.048032 0.075064
0 0.537207 0.624024 0.058179 0.052163
0 0.158021 0.510792 0.065623 0.054706
