0 0.726968 0.658377 0.062915 0.049619
0 0.625492 0.552778 0.056150 0.077612
0 0.680288 0.379114 0.049385 0.053434
0 0.690099 0.244890 0.051414 0.036896
0 0.697878 0.277332 0.046680 0.045803
0 0.640037 0.152649 0.044648 0.045803
0 0.753690 0.176187 0.036531 0.026717
0 0.564268 0.305321 0.041943 0.027989
0 0.449260 0.543873 0.029766 0.080152
0 0.515896 0.589038 0.050737 0.043255
0 0.372139 0.600489 0.052769 0.040712
0 0.418479 0.889929 0.058857 0.052163
0 0.328503 0.914102 0.058857 0.047075
0 0.273029 0.853666 0.045325 0.038168
0 0.308883 0.646924 0.041267 0.034353
0 0.276411 0.533058 0.037207 0.048347
0 0.588960 0.879114 0.061562 0.081423
0 0.673185 0.850487 0.059534 0.062342
0 0.855507 0.835220 0.054797 0.075060
0 0.478011 0.638655 0.038562 0.030533
0 0.636316 0.477078 0.049385 0.038168
0 0.880199 0.333313 0.048708 0.043255
0 0.836564 0.230895 0.039915 0.036896
0 0.725953 0.354940 0.039236 0.043260
0 0.626168 0.709901 0.053445 0.066157
0 0.903539 0.772243 0.053445 0.048343
0 0.590314 0.401377 0.042620 0.039440
0 0.415206 0.403767 0.034255 0.028636
0 0.534152 0.493499 0.048123 0.037328
0 0.571942 0.564826 0.039421 0.038861
0 0.608917 0.502702 0.026917 0.040390
0 0.640319 0.366954 0.036975 0.041924
0 0.608917 0.265207 0.034529 0.027612
0 0.622511 0.317612 0.035071 0.030165
0 0.583361 0.352893 0.031267 0.030165
0 0.803905 0.609614 0.045676 0.042332
0 0.380042 0.849982 0.045103 0.042406
0 0.264236 0.956003 0.046509 0.044174
0 0.159000 0.819059 0.038054 0.045941
0 0.229940 0.814642 0.038054 0.042406
0 0.336350 0.684323 0.042280 0.029160
0 0.352089 0.722755 0.038992 0.037107
0 0.567961 0.729382 0.042280 0.037994
0 0.624103 0.768698 0.055906 0.038875
0 0.402123 0.523081 0.037585 0.031809
0 0.409404 0.567700 0.045571 0.036226
