0 0.224443 0.543067 0.061450 0.050891
0 0.292378 0.605090 0.051865 0.047709
0 0.349598 0.666582 0.042283 0.045588
0 0.314645 0.781086 0.065959 0.060436
0 0.238538 0.637427 0.049048 0.055129
0 0.198229 0.727546 0.048484 0.042410
0 0.152847 0.751928 0.058066 0.053012
0 0.169478 0.840459 0.055249 0.064674
0 0.093370 0.782146 0.047356 0.045588
0 0.133115 0.587066 0.060322 0.056189
0 0.095907 0.517619 0.054685 0.042410
0 0.160740 0.530875 0.047920 0.051951
0 0.082095 0.591306 0.055249 0.056194
0 0.028820 0.561090 0.055813 0.061492
0 0.046014 0.738678 0.057502 0.066795
0 0.051370 0.616221 0.049048 0.053012
0 0.098162 0.639015 0.055811 0.047709
0 0.140162 0.454006 0.050740 0.038168
0 0.145800 0.375021 0.047356 0.051951
0 0.170604 0.345865 0.049612 0.044532
0 0.179343 0.281722 0.046792 0.049835
0 0.235437 0.344805 0.041719 0.031804
0 0.298014 0.342156 0.048484 0.049830
0 0.353545 0.397284 0.050176 0.049830
0 0.356646 0.458248 0.040591 0.055129
0 0.396672 0.461961 0.037207 0.039229
0 0.417814 0.482635 0.040027 0.048770
0 0.363693 0.525574 0.038899 0.041350
0 0.098162 0.396756 0.051304 0.040289
0 0.079840 0.435455 0.047356 0.043471
0 0.088860 0.488464 0.051865 0.043466
0 0.330995 0.211217 0.043411 0.055133
0 0.325638 0.281722 0.043972 0.043471
0 0.412177 0.284904 0.042283 0.058310
0 0.447975 0.211747 0.048484 0.060436
0 0.243330 0.387215 0.038335 0.036047
0 0.069691 0.301334 0.046228 0.038168
0 0.027410 0.338444 0.043975 0.038163
0 0.411613 0.589718 0.036643 0.040289
