0 0.798678 0.459904 0.122449 0.138678
0 0.895758 0.467537 0.092004 0.100510
0 0.904553 0.294509 0.078477 0.072516
0 0.696188 0.245526 0.087947 0.071244
0 0.747601 0.319952 0.102830 0.100510
0 0.762485 0.732803 0.117715 0.106873
0 0.857197 0.615119 0.093359 0.108145
0 0.588622 0.733439 0.075769 0.156492
0 0.345415 0.598579 0.062915 0.181933
0 0.384653 0.580769 0.091328 0.103053
0 0.431670 0.652013 0.123125 0.103053
0 0.623801 0.486618 0.082534 0.077608
0 0.713777 0.834584 0.083887 0.086515
0 0.890009 0.113212 0.081858 0.086515
0 0.660331 0.418554 0.075769 0.099238
0 0.532133 0.244254 0.085916 0.066157
