0 0.189480 0.614481 0.050063 0.055978
0 0.413066 0.500615 0.060210 0.059798
0 0.427950 0.586492 0.050740 0.055978
0 0.207745 0.451632 0.043298 0.071244
0 0.675215 0.350489 0.067651 0.209922
0 0.658641 0.484075 0.042620 0.044532
0 0.859564 0.326313 0.071033 0.113232
0 0.852799 0.448453 0.066975 0.069972
0 0.896096 0.536240 0.046680 0.085243
0 0.741851 0.611302 0.073740 0.062337
0 0.820327 0.622753 0.058857 0.052163
0 0.793605 0.470080 0.058181 0.047075
0 0.921127 0.256977 0.037209 0.048343
0 0.296368 0.355579 0.070359 0.062342
0 0.352518 0.402652 0.050061 0.057250
0 0.047750 0.368299 0.052092 0.052163
