0 0.833857 0.730895 0.060210 0.059798
0 0.852461 0.664102 0.050063 0.066157
0 0.299075 0.969444 0.069004 0.050891
0 0.405625 0.277332 0.045327 0.050891
0 0.582195 0.269697 0.060210 0.053434
0 0.768573 0.595399 0.050061 0.055978
0 0.825402 0.526061 0.059534 0.059798
0 0.681304 0.783694 0.052769 0.053439
0 0.777030 0.709901 0.042620 0.066157
0 0.607902 0.629114 0.056150 0.059798
0 0.543295 0.456722 0.048708 0.040716
0 0.478689 0.412192 0.048032 0.045799
0 0.454672 0.293873 0.047356 0.045799
0 0.658641 0.511430 0.054797 0.043255
0 0.635638 0.478988 0.052092 0.047075
0 0.594711 0.739164 0.046003 0.055978
0 0.401228 0.524789 0.051416 0.041983
0 0.870728 0.849851 0.052769 0.061070
