0 0.466052 0.502202 0.066855 0.089178
0 0.507255 0.451763 0.055974 0.067254
0 0.505311 0.246352 0.047419 0.112576
0 0.574888 0.650592 0.026431 0.102342
0 0.355275 0.879394 0.075408 0.171056
0 0.281422 0.481001 0.056750 0.111111
0 0.382094 0.480273 0.071521 0.065790
0 0.356439 0.422523 0.057527 0.087718
0 0.386370 0.398400 0.050532 0.065790
0 0.396086 0.342114 0.043535 0.078949
0 0.296193 0.750739 0.075408 0.071635
0 0.354862 0.685131 0.037791 0.030455
0 0.368135 0.613216 0.033740 0.049068
0 0.489152 0.635213 0.041838 0.042300
0 0.517720 0.622098 0.032393 0.038072
0 0.602073 0.541724 0.036440 0.053301
0 0.225640 0.827709 0.063164 0.108632
0 0.644191 0.663946 0.025374 0.065992
