0 0.359285 0.398198 0.058179 0.073788
0 0.377888 0.450996 0.054800 0.054711
0 0.297383 0.320588 0.050737 0.073792
0 0.430319 0.276697 0.050061 0.052163
0 0.636992 0.816136 0.050737 0.049619
0 0.580842 0.771609 0.050737 0.052163
0 0.305502 0.477713 0.038562 0.064885
0 0.139080 0.555957 0.045327 0.043255
0 0.812209 0.547688 0.045327 0.049619
0 0.809502 0.355576 0.045327 0.057250
0 0.463805 0.647562 0.038562 0.043260
0 0.172567 0.229621 0.050061 0.047075
0 0.538898 0.322498 0.041267 0.041983
0 0.568326 0.283056 0.041946 0.052163
