0 0.691373 0.786185 0.029153 0.050762
0 0.732673 0.864360 0.017817 0.075129
0 0.707030 0.831364 0.031311 0.049752
0 0.401201 0.853191 0.038330 0.036547
0 0.684355 0.555716 0.025913 0.032489
0 0.765334 0.568409 0.036709 0.029444
0 0.755077 0.547087 0.029153 0.029444
0 0.712698 0.574500 0.029692 0.027410
0 0.618763 0.849640 0.036169 0.029444
0 0.701902 0.598868 0.027534 0.033503
0 0.435752 0.889741 0.036172 0.024366
0 0.356932 0.954720 0.026453 0.044674
0 0.464094 0.814105 0.022676 0.057870
0 0.705735 0.952383 0.021055 0.083251
0 0.516190 0.913600 0.019973 0.088329
