0 0.501351 0.179366 0.093357 0.073792
0 0.619065 0.388657 0.097417 0.100510
0 0.781765 0.849215 0.142744 0.148852
0 0.493910 0.726442 0.094709 0.076336
0 0.290618 0.889929 0.127861 0.184477
0 0.329518 0.838400 0.078474 0.063613
0 0.059927 0.953540 0.100801 0.090331
0 0.560885 0.549596 0.073064 0.081423
0 0.586254 0.878478 0.060208 0.128499
0 0.558179 0.620207 0.050063 0.062342
0 0.573400 0.278607 0.069680 0.066157
0 0.656273 0.259520 0.060886 0.066157
0 0.178318 0.421097 0.073740 0.099238
0 0.279117 0.505069 0.079153 0.076336
0 0.467527 0.517156 0.069004 0.052163
0 0.224320 0.347307 0.045325 0.043255
0 0.377550 0.599215 0.052766 0.050891
0 0.397844 0.690181 0.055474 0.069977
0 0.625154 0.477716 0.058179 0.049619
0 0.579828 0.484075 0.048708 0.052163
0 0.817959 0.304050 0.048711 0.040716
0 0.820327 0.262702 0.052090 0.044532
