0 0.185421 0.449089 0.050061 0.048343
0 0.600460 0.515882 0.077800 0.087787
0 0.657288 0.557231 0.077798 0.058522
0 0.761809 0.517153 0.098770 0.169210
0 0.581857 0.728349 0.083889 0.075064
0 0.705320 0.731531 0.077798 0.053439
0 0.418479 0.784330 0.087271 0.105601
0 0.272690 0.597307 0.066299 0.062337
0 0.714452 0.311047 0.062239 0.123407
0 0.816945 0.196545 0.056150 0.049619
0 0.657288 0.513336 0.046680 0.052163
0 0.520632 0.560411 0.050737 0.052163
0 0.124535 0.690184 0.050061 0.036896
0 0.577458 0.829495 0.046680 0.109412
0 0.673862 0.623388 0.041943 0.053434
0 0.650861 0.589672 0.070359 0.052163
0 0.452643 0.688274 0.047356 0.058522
0 0.223982 0.709268 0.043296 0.049619
