0 0.664729 0.452904 0.088623 0.091602
0 0.798679 0.553414 0.118389 0.117048
0 0.742866 0.638655 0.078477 0.134858
0 0.641389 0.213083 0.081182 0.080152
0 0.827769 0.248072 0.100801 0.104325
0 0.682318 0.281150 0.066975 0.071244
0 0.386682 0.363209 0.058857 0.067429
0 0.383977 0.772881 0.060210 0.151400
0 0.468540 0.519699 0.072388 0.069977
0 0.259160 0.902013 0.096064 0.114504
0 0.479365 0.727713 0.079150 0.076336
0 0.565282 0.758248 0.081858 0.076331
0 0.708702 0.676187 0.064270 0.069977
0 0.630227 0.666010 0.062915 0.057254
0 0.555812 0.889927 0.081858 0.092874
0 0.953600 0.691455 0.083210 0.082700
0 0.838254 0.393108 0.064946 0.066162
0 0.561223 0.242982 0.060210 0.071244
0 0.585916 0.180640 0.059531 0.045799
0 0.321738 0.720080 0.075093 0.083972
0 0.076841 0.680640 0.064268 0.099233
0 0.139756 0.456086 0.058857 0.092879
0 0.310237 0.430005 0.045327 0.081423
0 0.384653 0.204814 0.050737 0.038168
0 0.382623 0.083949 0.043972 0.050891
0 0.542618 0.611304 0.046003 0.064885
0 0.571371 0.421736 0.053445 0.092874
0 0.807473 0.944635 0.065620 0.077608
0 0.875125 0.909649 0.080503 0.089059
0 0.744557 0.853669 0.083210 0.078880
0 0.464821 0.919826 0.092004 0.083967
0 0.421862 0.613848 0.071033 0.059798
0 0.521985 0.401377 0.058857 0.067429
0 0.902861 0.503159 0.064268 0.069972
0 0.855844 0.832674 0.074417 0.100510
0 0.900831 0.789419 0.065623 0.087782
0 0.970175 0.589674 0.056829 0.072516
