0 0.542957 0.575041 0.064268 0.053434
0 0.617036 0.555321 0.054121 0.041983
0 0.717158 0.312957 0.056826 0.050891
0 0.492894 0.384203 0.056150 0.043255
0 0.400889 0.442725 0.060210 0.089059
0 0.780413 0.582039 0.058857 0.064885
0 0.618727 0.447817 0.054797 0.045799
0 0.431332 0.648834 0.054797 0.045803
0 0.584562 0.318680 0.047356 0.052163
0 0.444525 0.244254 0.050061 0.038168
0 0.342710 0.841582 0.062915 0.077608
0 0.427273 0.812957 0.061563 0.055978
0 0.544987 0.744890 0.048035 0.047071
0 0.620079 0.760156 0.052092 0.047071
0 0.675891 0.528604 0.054121 0.059798
0 0.417802 0.529242 0.054797 0.078880
0 0.388374 0.521607 0.058179 0.048347
0 0.719528 0.668554 0.053445 0.047071
0 0.554796 0.667918 0.044651 0.055983
0 0.879185 0.776061 0.048032 0.048347
0 0.887301 0.687002 0.043972 0.043260
0 0.933981 0.595399 0.043972 0.053434
0 0.705996 0.825680 0.045327 0.048347
0 0.758763 0.793237 0.054797 0.041983
0 0.598093 0.924917 0.058179 0.050891
