0 0.506425 0.704812 0.135979 0.129770
0 0.591327 0.337764 0.086594 0.087787
0 0.577458 0.200360 0.077798 0.059793
0 0.731704 0.241072 0.058857 0.054706
0 0.636654 0.227713 0.062239 0.055978
0 0.851447 0.395654 0.073738 0.068701
0 0.505748 0.341582 0.083210 0.059793
0 0.516912 0.285604 0.055474 0.054706
0 0.411375 0.283694 0.069004 0.055983
0 0.362329 0.474534 0.073740 0.058526
0 0.482410 0.411556 0.056826 0.049614
0 0.290280 0.443363 0.056829 0.062337
0 0.259838 0.400742 0.060886 0.058526
0 0.239542 0.512702 0.077122 0.058526
0 0.275735 0.587128 0.048032 0.044532
0 0.096797 0.530512 0.055474 0.063613
0 0.193877 0.575677 0.043975 0.047075
0 0.153962 0.403923 0.045327 0.052163
