0 0.188108 0.846208 0.045347 0.194931
0 0.258074 0.746306 0.044053 0.155946
0 0.377598 0.730466 0.052476 0.116956
0 0.509108 0.694525 0.070613 0.096249
0 0.443352 0.817576 0.059600 0.179091
0 0.666853 0.812094 0.055713 0.092590
0 0.499066 0.407000 0.057009 0.084063
0 0.300183 0.352787 0.047939 0.070661
0 0.294028 0.639093 0.025264 0.129141
0 0.212809 0.196529 0.041047 0.064913
0 0.752756 0.810854 0.043188 0.142140
0 0.817269 0.719481 0.066404 0.052792
0 0.781908 0.640799 0.049666 0.041625
0 0.677175 0.539777 0.043188 0.036552
0 0.827256 0.615416 0.036709 0.053806
0 0.734672 0.939793 0.051287 0.067006
0 0.394830 0.925581 0.068020 0.083255
0 0.552469 0.740294 0.073420 0.055840
0 0.228824 0.775829 0.023215 0.122851
0 0.209929 0.539272 0.027534 0.080207
0 0.385127 0.633343 0.029541 0.062865
0 0.436823 0.682319 0.033430 0.049706
0 0.722902 0.569830 0.044270 0.045684
