0 0.199966 0.340310 0.045327 0.041988
0 0.025425 0.610666 0.049385 0.058522
0 0.059928 0.445271 0.041267 0.068705
0 0.096121 0.627842 0.050063 0.047071
0 0.454673 0.345399 0.041943 0.039440
0 0.207069 0.552778 0.047356 0.085243
0 0.098827 0.391837 0.047356 0.055978
0 0.310576 0.494890 0.055474 0.073792
0 0.448245 0.424279 0.045327 0.041983
0 0.140094 0.620207 0.043298 0.092874
0 0.024749 0.533694 0.046680 0.072521
0 0.144153 0.839038 0.051416 0.047075
0 0.144492 0.491074 0.045327 0.050891
0 0.270322 0.398198 0.043975 0.045799
0 0.075149 0.694635 0.050063 0.068701
0 0.194554 0.470080 0.041267 0.041988
0 0.211805 0.412828 0.048708 0.041983
0 0.258484 0.818046 0.037886 0.089059
0 0.363004 0.387385 0.039915 0.052163
0 0.105592 0.586492 0.046003 0.043260
