0 0.802963 0.293942 0.045994 0.065790
0 0.812031 0.224495 0.049883 0.048733
0 0.761826 0.318306 0.044053 0.048733
0 0.751783 0.667355 0.048586 0.045078
0 0.652018 0.618014 0.062839 0.053604
0 0.719069 0.607048 0.072556 0.048733
0 0.711619 0.516283 0.068022 0.062135
0 0.892040 0.387142 0.060896 0.054826
0 0.834706 0.431003 0.052473 0.049949
0 0.862240 0.465725 0.042756 0.056042
0 0.767009 0.424300 0.051826 0.051171
0 0.722632 0.448669 0.045996 0.046299
0 0.765713 0.582684 0.054419 0.060914
0 0.650074 0.676494 0.077092 0.058480
0 0.585616 0.760560 0.057009 0.068228
0 0.615740 0.828175 0.060249 0.047516
0 0.474189 0.794061 0.095879 0.069444
0 0.513383 0.711825 0.070613 0.043861
0 0.560999 0.630806 0.080332 0.054826
0 0.580433 0.585119 0.062190 0.041423
0 0.616713 0.453542 0.064783 0.058480
0 0.659792 0.524814 0.045996 0.049949
0 0.665299 0.570500 0.046643 0.031680
0 0.509172 0.560145 0.044053 0.067011
0 0.497834 0.615579 0.049883 0.075537
0 0.539944 0.663703 0.061543 0.069444
0 0.416857 0.811118 0.060247 0.057259
0 0.832439 0.340236 0.058306 0.058480
