0 0.652889 0.370209 0.074417 0.068701
0 0.747939 0.426825 0.115684 0.103053
0 0.826416 0.664100 0.154922 0.226465
0 0.943452 0.791963 0.107563 0.136129
0 0.611622 0.675551 0.090652 0.083967
0 0.680627 0.644380 0.081182 0.082700
0 0.757073 0.695271 0.096064 0.131047
0 0.540590 0.663464 0.078474 0.080152
0 0.553104 0.602397 0.080505 0.072516
0 0.612638 0.464993 0.069680 0.077608
0 0.603167 0.376568 0.062915 0.066157
0 0.490865 0.349215 0.072385 0.057254
0 0.519279 0.407741 0.065623 0.092874
0 0.537545 0.489800 0.076448 0.078884
0 0.786162 0.261428 0.082534 0.095418
0 0.829799 0.339674 0.065623 0.119596
0 0.935334 0.357484 0.064268 0.076336
0 0.863285 0.247433 0.064944 0.082700
0 0.721218 0.288145 0.066299 0.062342
0 0.684348 0.222626 0.080503 0.081423
0 0.646125 0.181912 0.066299 0.078884
0 0.534839 0.188274 0.060210 0.104325
0 0.468540 0.188274 0.048032 0.104325
0 0.266941 0.609394 0.103506 0.104325
0 0.371462 0.576313 0.096064 0.076336
0 0.435391 0.576951 0.061563 0.085243
0 0.308884 0.438910 0.072388 0.068701
0 0.409684 0.330769 0.054797 0.061070
0 0.486469 0.704176 0.075769 0.075064
0 0.594034 0.245526 0.059534 0.058526
0 0.402581 0.225806 0.056826 0.047075
0 0.182039 0.865755 0.085239 0.082695
