0 0.318018 0.566136 0.069004 0.063613
0 0.390742 0.177461 0.049385 0.115776
0 0.443171 0.695907 0.050063 0.055983
0 0.794619 0.328859 0.065620 0.097966
0 0.656611 0.711175 0.042622 0.055978
0 0.586593 0.696543 0.047356 0.057254
0 0.514543 0.487257 0.048032 0.058526
0 0.242247 0.730895 0.051414 0.059798
0 0.257131 0.657105 0.040591 0.049619
0 0.154639 0.775422 0.048032 0.041983
0 0.040309 0.764610 0.056150 0.061065
0 0.172567 0.518427 0.048708 0.057250
0 0.215525 0.459904 0.043975 0.044527
0 0.300765 0.491072 0.050740 0.038168
0 0.290280 0.328859 0.050061 0.047075
0 0.415096 0.597307 0.045325 0.067433
0 0.498983 0.617663 0.052092 0.047071
0 0.542280 0.570590 0.048032 0.034348
0 0.065341 0.617027 0.053445 0.043255
0 0.553104 0.351761 0.043972 0.057250
0 0.188464 0.942091 0.048032 0.052163
0 0.300427 0.848579 0.050063 0.063613
