0 0.667435 0.546416 0.076448 0.067433
0 0.752676 0.725806 0.072388 0.069977
0 0.860580 0.700360 0.058181 0.062337
0 0.412052 0.614483 0.054119 0.043255
0 0.579828 0.594125 0.048708 0.045799
0 0.056545 0.474534 0.050737 0.055983
0 0.117430 0.377206 0.029089 0.077608
0 0.557502 0.540691 0.037886 0.038168
0 0.791575 0.585220 0.040591 0.040716
0 0.901508 0.513974 0.041267 0.043255
0 0.919774 0.624024 0.038562 0.054706
0 0.755382 0.603669 0.037209 0.039440
0 0.755720 0.630386 0.039238 0.039440
0 0.616359 0.340310 0.028416 0.041988
