0 0.540928 0.382293 0.083213 0.075064
0 0.355225 0.295781 0.094712 0.075060
0 0.420508 0.851125 0.073740 0.076336
0 0.444187 0.949089 0.104858 0.083972
0 0.570017 0.854304 0.099448 0.108140
0 0.659655 0.844761 0.100125 0.127227
0 0.836902 0.626568 0.133950 0.151400
0 0.908950 0.527968 0.089976 0.091602
0 0.884257 0.442727 0.074417 0.071249
0 0.898126 0.278604 0.126506 0.106869
0 0.821003 0.322498 0.088623 0.097961
0 0.864639 0.371481 0.079829 0.086515
0 0.770942 0.548324 0.061563 0.183205
0 0.839946 0.101123 0.064268 0.049619
0 0.685363 0.477713 0.079827 0.095418
0 0.675891 0.410921 0.070356 0.094146
0 0.575768 0.694635 0.079827 0.081428
0 0.625492 0.738528 0.071033 0.085239
0 0.693820 0.738528 0.058855 0.059793
0 0.554120 0.192091 0.063591 0.068701
0 0.573400 0.111304 0.064270 0.064885
0 0.665745 0.070590 0.067651 0.082695
0 0.479703 0.619573 0.077122 0.104325
0 0.420509 0.385475 0.071033 0.061070
0 0.246982 0.660285 0.054121 0.096694
0 0.234806 0.221352 0.071711 0.081428
0 0.890685 0.765882 0.122449 0.124683
0 0.740498 0.363212 0.077798 0.072521
0 0.513867 0.475806 0.071035 0.081428
