0 0.579827 0.645016 0.086592 0.089059
0 0.609932 0.916010 0.115684 0.124683
0 0.791575 0.814865 0.098770 0.105597
0 0.914363 0.748069 0.075093 0.083972
0 0.851447 0.631660 0.064270 0.075064
0 0.806119 0.585856 0.066975 0.072521
0 0.722909 0.686364 0.080505 0.062342
0 0.608917 0.815498 0.085242 0.063613
0 0.536869 0.857486 0.069680 0.089059
0 0.431671 0.513338 0.077122 0.062342
0 0.708364 0.337764 0.069004 0.057254
0 0.529089 0.538783 0.083887 0.080156
0 0.654581 0.531786 0.089978 0.078880
0 0.551414 0.393108 0.078477 0.076336
0 0.338989 0.575044 0.054121 0.089059
0 0.348798 0.634839 0.053445 0.076336
0 0.560209 0.770335 0.059534 0.059798
0 0.598770 0.764610 0.063594 0.055978
0 0.653229 0.634203 0.062917 0.049619
0 0.772633 0.547688 0.056829 0.054706
0 0.487822 0.621481 0.052769 0.044532
0 0.517250 0.583949 0.072385 0.050891
0 0.460760 0.709268 0.058181 0.047075
0 0.395815 0.643747 0.054121 0.101781
0 0.428965 0.342218 0.067651 0.061065
0 0.384653 0.405831 0.064268 0.043260
0 0.797664 0.335220 0.051416 0.049614
0 0.881212 0.821862 0.056150 0.045799
0 0.598770 0.571862 0.066299 0.054706
0 0.460084 0.568046 0.066296 0.054706
