0 0.591327 0.767153 0.101477 0.096694
0 0.627521 0.928095 0.096741 0.115776
0 0.701937 0.576313 0.104861 0.101781
0 0.856858 0.594764 0.091328 0.105597
0 0.597078 0.397562 0.073740 0.095418
0 0.209775 0.814229 0.098770 0.078880
0 0.091724 0.900106 0.062915 0.097961
0 0.277427 0.390562 0.069004 0.066157
0 0.415435 0.470716 0.067651 0.061065
0 0.362329 0.578223 0.061563 0.054711
0 0.584563 0.507612 0.051416 0.096694
0 0.726292 0.478349 0.072388 0.055983
0 0.906244 0.302142 0.071033 0.077608
0 0.962057 0.433820 0.075769 0.071249
0 0.674539 0.688274 0.071709 0.058522
0 0.573739 0.582674 0.073064 0.068701
0 0.392771 0.736621 0.048032 0.073792
0 0.449598 0.604940 0.058855 0.057254
0 0.511837 0.583946 0.057502 0.066157
0 0.524353 0.457996 0.078477 0.063613
0 0.458392 0.410285 0.056150 0.059798
0 0.325121 0.687002 0.056150 0.058522
0 0.234806 0.718809 0.062239 0.071244
