0 0.463805 0.703542 0.081858 0.091602
0 0.310575 0.631660 0.075769 0.077608
0 0.408669 0.597307 0.063594 0.092879
0 0.787855 0.584584 0.042620 0.125955
0 0.943790 0.500615 0.064944 0.092874
0 0.896097 0.514610 0.068328 0.092874
0 0.839269 0.515882 0.050740 0.069972
0 0.828783 0.470080 0.048708 0.085239
0 0.798341 0.446545 0.046003 0.089059
0 0.738469 0.265882 0.048032 0.099238
0 0.789546 0.256341 0.039238 0.087787
0 0.729674 0.680005 0.041267 0.090331
0 0.831827 0.928730 0.077800 0.139949
0 0.195569 0.705450 0.052769 0.067429
0 0.048766 0.633567 0.048708 0.050891
0 0.533486 0.564865 0.045327 0.063613
0 0.214849 0.565500 0.035854 0.059798
0 0.673524 0.204178 0.050740 0.087787
