0 0.503043 0.317408 0.094036 0.105597
0 0.528074 0.181276 0.084565 0.069972
0 0.711069 0.215627 0.069004 0.054706
0 0.836901 0.468173 0.075769 0.086511
0 0.414420 0.827587 0.134626 0.095422
0 0.446216 0.374660 0.085918 0.067429
0 0.385668 0.280512 0.074417 0.072521
0 0.480042 0.262702 0.061562 0.047075
0 0.335945 0.492980 0.077798 0.062342
0 0.238865 0.413464 0.054121 0.043255
0 0.214512 0.513338 0.054121 0.064885
0 0.149565 0.407739 0.040591 0.052163
0 0.062972 0.587764 0.048708 0.058522
0 0.177979 0.583949 0.044648 0.045803
0 0.412052 0.489164 0.039236 0.044527
0 0.462114 0.414736 0.058179 0.043255
0 0.730352 0.344761 0.049385 0.055978
0 0.786501 0.345397 0.053442 0.049619
0 0.783795 0.218809 0.046677 0.043255
0 0.613652 0.195271 0.063594 0.057254
0 0.579150 0.188274 0.066299 0.053434
