0 0.137388 0.389927 0.096064 0.087787
0 0.211466 0.512702 0.081858 0.068701
0 0.204025 0.445907 0.069680 0.047075
0 0.618051 0.863848 0.094036 0.071249
0 0.534501 0.245526 0.067649 0.061070
0 0.522662 0.333313 0.052092 0.058526
0 0.480042 0.386747 0.050737 0.058526
0 0.397845 0.206086 0.078474 0.073788
0 0.346769 0.259520 0.085916 0.066157
0 0.267617 0.338402 0.079150 0.050891
0 0.270660 0.485985 0.050061 0.038168
0 0.284868 0.423007 0.050063 0.044527
0 0.158022 0.604304 0.060210 0.050886
0 0.058575 0.585856 0.053445 0.059793
0 0.065679 0.492346 0.040591 0.048347
0 0.631581 0.238528 0.052092 0.041988
0 0.670142 0.287509 0.050737 0.043255
0 0.611960 0.370843 0.048032 0.047075
0 0.640375 0.478352 0.042620 0.050891
0 0.691113 0.432548 0.048032 0.045803
0 0.828445 0.244254 0.048032 0.045799
0 0.853813 0.200360 0.043296 0.067433
0 0.724261 0.136747 0.056150 0.054706
0 0.817283 0.432551 0.052769 0.040712
0 0.754706 0.289419 0.041267 0.044532
0 0.815591 0.339038 0.048032 0.047075
0 0.914362 0.156467 0.043972 0.053439
0 0.841299 0.162828 0.043975 0.043260
