0 0.749293 0.409649 0.064270 0.061070
0 0.801047 0.519699 0.055474 0.052163
0 0.459408 0.430640 0.062239 0.062337
0 0.520294 0.419826 0.051414 0.043260
0 0.566636 0.807867 0.062915 0.058526
0 0.631241 0.823770 0.058181 0.054711
0 0.816606 0.747433 0.050063 0.044527
0 0.674539 0.644380 0.054121 0.064885
0 0.498308 0.613848 0.060210 0.059798
0 0.591327 0.512702 0.048708 0.045799
0 0.615006 0.445907 0.046003 0.052163
0 0.845020 0.794509 0.046001 0.044527
0 0.845696 0.881022 0.043296 0.034348
0 0.916730 0.546416 0.046003 0.052163
0 0.396493 0.656467 0.050061 0.040712
0 0.460424 0.524151 0.041267 0.050891
0 0.590989 0.351758 0.045327 0.059798
