0 0.717867 0.270213 0.041980 0.077195
0 0.514967 0.700037 0.029851 0.105262
0 0.387162 0.500916 0.046643 0.050877
0 0.403022 0.545652 0.052241 0.059651
0 0.211782 0.466706 0.050376 0.049123
0 0.256095 0.485829 0.043845 0.050877
0 0.288278 0.247229 0.042913 0.050877
0 0.269926 0.158884 0.051287 0.037227
0 0.225836 0.237144 0.044089 0.031304
0 0.206492 0.360246 0.053984 0.054146
0 0.282971 0.350937 0.045889 0.032149
0 0.592612 0.429541 0.037573 0.043857
0 0.787350 0.788216 0.058303 0.107213
0 0.936532 0.173021 0.029851 0.059651
0 0.462312 0.534298 0.041030 0.039596
0 0.515758 0.577952 0.045349 0.041625
0 0.377285 0.555615 0.052368 0.037567
0 0.297386 0.500285 0.036169 0.038577
0 0.344354 0.536327 0.042649 0.037567
0 0.362709 0.470333 0.025374 0.051777
0 0.162583 0.235620 0.036440 0.035537
0 0.180579 0.165820 0.043638 0.041455
0 0.499238 0.475106 0.017275 0.078173
0 0.598843 0.722323 0.049126 0.075133
0 0.677554 0.801109 0.058843 0.053806
