0 0.362855 0.531903 0.053245 0.055955
0 0.418448 0.445023 0.034451 0.073627
0 0.451530 0.506132 0.051287 0.035340
0 0.462883 0.579757 0.035625 0.078044
0 0.504968 0.567610 0.041499 0.044908
0 0.362612 0.661882 0.045103 0.070680
0 0.330195 0.692362 0.044160 0.037994
0 0.248215 0.703407 0.050269 0.049477
0 0.209927 0.608871 0.050737 0.083049
0 0.226135 0.518310 0.045571 0.053893
0 0.153975 0.490478 0.060322 0.048770
0 0.108929 0.782463 0.068777 0.061492
0 0.120205 0.833884 0.065396 0.043471
0 0.174608 0.760728 0.052429 0.049830
0 0.064110 0.564056 0.065959 0.063613
0 0.056782 0.414568 0.060322 0.097539
0 0.041842 0.706127 0.057502 0.057250
0 0.082151 0.654176 0.065962 0.059371
0 0.138246 0.689695 0.062014 0.058315
0 0.209279 0.414036 0.059758 0.064674
0 0.393910 0.358905 0.053557 0.047709
0 0.333871 0.238570 0.046228 0.065735
0 0.277212 0.559816 0.056938 0.053012
0 0.327950 0.467050 0.053557 0.049830
0 0.314138 0.761258 0.050737 0.046648
0 0.230984 0.815331 0.050176 0.044527
0 0.139937 0.618659 0.054121 0.064674
0 0.126688 0.433120 0.036643 0.075275
0 0.026611 0.806866 0.052148 0.052126
0 0.382354 0.274089 0.049609 0.056194
0 0.286233 0.473409 0.046792 0.047709
0 0.291870 0.621311 0.044536 0.065735
0 0.079229 0.328441 0.047451 0.044174
0 0.045168 0.853251 0.071411 0.054775
