0 0.779263 0.789433 0.085298 0.118783
0 0.779803 0.562521 0.056145 0.077163
0 0.622474 0.408600 0.047800 0.056400
0 0.630596 0.470292 0.055923 0.045826
0 0.700422 0.465296 0.059985 0.094596
0 0.682302 0.472055 0.059360 0.047002
0 0.688707 0.563418 0.065920 0.048765
0 0.627003 0.565767 0.030618 0.033489
0 0.593151 0.635989 0.043489 0.069096
0 0.467484 0.388237 0.041990 0.054288
0 0.346765 0.467906 0.022495 0.066979
0 0.357262 0.570845 0.034490 0.028907
0 0.275535 0.450631 0.038989 0.033843
0 0.408921 0.189408 0.039951 0.055840
0 0.367351 0.156919 0.051826 0.057870
0 0.227528 0.138138 0.039949 0.077158
0 0.117937 0.464040 0.044268 0.099495
0 0.192977 0.465055 0.030232 0.050762
0 0.524180 0.737654 0.071802 0.068026
0 0.366002 0.874715 0.052366 0.055840
0 0.325513 0.841719 0.061006 0.040611
0 0.319034 0.892484 0.059924 0.046703
0 0.753080 0.582826 0.051287 0.085285
0 0.899381 0.543230 0.051287 0.054826
0 0.857813 0.659479 0.070723 0.096451
0 0.830010 0.799584 0.055063 0.068021
0 0.865641 0.822429 0.048586 0.109651
0 0.972802 0.682828 0.053445 0.070055
0 0.920436 0.670645 0.039412 0.094421
0 0.285563 0.399571 0.026453 0.033503
