0 0.428965 0.316136 0.077124 0.069977
0 0.278441 0.307867 0.069680 0.091602
0 0.281484 0.435092 0.096064 0.078880
0 0.138741 0.335220 0.101477 0.087787
0 0.200642 0.224534 0.075093 0.072521
0 0.609594 0.459901 0.052766 0.072521
0 0.551414 0.389927 0.058179 0.067429
0 0.382961 0.643108 0.069004 0.064885
0 0.378566 0.494890 0.068328 0.053434
0 0.127240 0.599215 0.063591 0.078880
0 0.444187 0.424915 0.058857 0.053439
0 0.800032 0.351761 0.062915 0.057250
0 0.902861 0.499977 0.060210 0.053434
0 0.649170 0.631660 0.064268 0.054706
0 0.678597 0.438274 0.039236 0.047071
0 0.766544 0.452268 0.054119 0.057254
0 0.342372 0.360666 0.060886 0.057254
