0 0.713437 0.620207 0.058857 0.064885
0 0.796987 0.646924 0.063594 0.059798
0 0.929246 0.440184 0.057505 0.053434
0 0.645448 0.727078 0.063591 0.049619
0 0.783119 0.823134 0.065623 0.055983
0 0.805106 0.750615 0.060886 0.058522
0 0.866329 0.618937 0.057502 0.054706
0 0.620079 0.440820 0.054797 0.052163
0 0.629889 0.538783 0.044651 0.047071
0 0.551075 0.310411 0.076448 0.058526
0 0.335945 0.688274 0.046680 0.061065
0 0.567312 0.417282 0.058857 0.055978
0 0.742866 0.487257 0.058179 0.061070
0 0.793943 0.561683 0.052090 0.044532
0 0.805106 0.517789 0.048708 0.043255
0 0.855167 0.560413 0.050061 0.039440
0 0.581857 0.641837 0.058181 0.054711
