0 0.191541 0.775787 0.031743 0.141327
0 0.556917 0.678933 0.049883 0.084063
0 0.581211 0.878127 0.051826 0.048733
0 0.536187 0.920769 0.056362 0.107213
0 0.722761 0.384706 0.047290 0.060918
0 0.731831 0.282367 0.040815 0.051171
0 0.664781 0.353030 0.027209 0.060918
0 0.637572 0.794063 0.058303 0.056042
0 0.403058 0.574766 0.057009 0.048733
0 0.402086 0.674056 0.048586 0.047516
0 0.303292 0.605223 0.028503 0.107213
0 0.316249 0.654564 0.060896 0.088935
0 0.567606 0.615579 0.038870 0.071882
0 0.772321 0.816602 0.027209 0.074316
0 0.723241 0.636977 0.045740 0.043007
0 0.834490 0.099761 0.043188 0.036547
0 0.223760 0.943248 0.047612 0.029610
0 0.279807 0.525507 0.046113 0.039481
