0 0.255101 0.506338 0.071711 0.066157
0 0.297722 0.619571 0.052769 0.061070
0 0.338312 0.592220 0.050061 0.052163
0 0.206730 0.601758 0.066975 0.053434
0 0.188126 0.656467 0.058181 0.055983
0 0.140432 0.798962 0.061562 0.053434
0 0.209098 0.874660 0.062239 0.092874
0 0.230070 0.804685 0.050061 0.059793
0 0.115063 0.669192 0.062241 0.050891
0 0.158021 0.492982 0.056150 0.047075
0 0.153962 0.445271 0.049385 0.045803
0 0.238527 0.294509 0.043972 0.047071
0 0.207069 0.386111 0.055476 0.041983
0 0.341694 0.278604 0.043296 0.043260
0 0.410022 0.341582 0.043296 0.044532
0 0.433362 0.127206 0.048032 0.045799
0 0.319370 0.433184 0.040591 0.044532
0 0.340342 0.403287 0.048711 0.043260
0 0.113033 0.427459 0.047356 0.033081
0 0.111342 0.393744 0.054797 0.044532
0 0.073120 0.556596 0.054121 0.044532
0 0.051471 0.847943 0.050061 0.072516
0 0.034558 0.675551 0.044648 0.053434
0 0.225334 0.242346 0.051416 0.041983
