0 0.655934 0.550234 0.054797 0.064885
0 0.424230 0.365755 0.075769 0.057250
0 0.411038 0.330133 0.045327 0.039440
0 0.509470 0.381022 0.051416 0.069977
0 0.273705 0.596671 0.053445 0.055978
0 0.111003 0.367663 0.055474 0.050891
0 0.188464 0.425551 0.057505 0.054711
0 0.260852 0.484075 0.050737 0.044532
0 0.368417 0.406469 0.045325 0.064885
0 0.098151 0.469444 0.050061 0.035620
0 0.561899 0.512702 0.060210 0.058526
0 0.067369 0.520335 0.052092 0.045803
0 0.703628 0.566139 0.039238 0.050891
0 0.811532 0.470080 0.039915 0.049619
0 0.407655 0.499977 0.045325 0.050891
