0 0.419493 0.644380 0.064944 0.055978
0 0.314635 0.624024 0.059534 0.048343
0 0.341696 0.424915 0.048708 0.049619
0 0.283853 0.396290 0.048032 0.076336
0 0.273706 0.313590 0.048032 0.076336
0 0.240895 0.795142 0.047356 0.090331
0 0.172567 0.874660 0.070359 0.058522
0 0.208760 0.383567 0.064268 0.073792
0 0.165125 0.375296 0.052769 0.077608
0 0.402581 0.181912 0.052769 0.041988
0 0.076840 0.654559 0.041267 0.083967
0 0.344062 0.545145 0.038560 0.061070
0 0.083944 0.786240 0.050061 0.059798
0 0.179670 0.692091 0.043975 0.059793
0 0.629889 0.385475 0.058181 0.054706
0 0.643419 0.326951 0.046003 0.067429
0 0.218907 0.548962 0.056150 0.055978
0 0.289941 0.470080 0.050737 0.055983
0 0.105931 0.537511 0.066975 0.055978
0 0.068723 0.707994 0.062915 0.055978
0 0.063649 0.872114 0.071711 0.066157
0 0.165464 0.519063 0.033149 0.092874
0 0.263558 0.666010 0.054797 0.048347
0 0.495940 0.308503 0.054121 0.061065
0 0.235482 0.629114 0.047356 0.045803
