0 0.431671 0.713719 0.066296 0.050891
0 0.433701 0.633565 0.055474 0.063613
0 0.463467 0.515882 0.046001 0.067429
0 0.516912 0.524787 0.037886 0.049619
0 0.650184 0.432548 0.041946 0.035620
0 0.861932 0.417918 0.055476 0.054706
0 0.631241 0.930005 0.060886 0.076336
0 0.595387 0.834582 0.063591 0.050891
0 0.877153 0.772243 0.046680 0.055983
0 0.920112 0.842854 0.058179 0.072521
0 0.416111 0.805321 0.044648 0.071249
0 0.555472 0.712447 0.036531 0.076336
0 0.377550 0.881022 0.041946 0.059793
0 0.688407 0.711811 0.057502 0.044532
0 0.729674 0.533694 0.038562 0.034348
0 0.740836 0.421736 0.047356 0.044527
0 0.650184 0.770971 0.032473 0.066157
0 0.610270 0.456086 0.048708 0.041988
0 0.649846 0.568680 0.038560 0.038168
0 0.358269 0.687000 0.035854 0.063613
0 0.336283 0.651377 0.036531 0.053434
