0 0.420186 0.433767 0.069282 0.085450
0 0.432782 0.376657 0.061184 0.054151
0 0.495990 0.391040 0.050837 0.040611
0 0.470797 0.288669 0.063435 0.054151
0 0.443354 0.335202 0.043638 0.032149
0 0.337632 0.291205 0.039141 0.035533
0 0.248331 0.339433 0.035989 0.035533
0 0.276898 0.605517 0.058035 0.073604
0 0.382395 0.656281 0.059385 0.038072
0 0.407365 0.562792 0.039138 0.054151
0 0.213707 0.121175 0.043738 0.038779
0 0.159971 0.138508 0.043740 0.047594
0 0.036464 0.799571 0.034983 0.154972
0 0.946406 0.535682 0.088623 0.141814
0 0.665994 0.539045 0.037490 0.032433
0 0.778090 0.580292 0.056985 0.040188
0 0.523043 0.648680 0.039739 0.039481
0 0.287905 0.965248 0.049863 0.063453
0 0.211832 0.559068 0.026868 0.064040
0 0.468998 0.525987 0.044539 0.038072
0 0.492842 0.448152 0.041841 0.034688
0 0.604412 0.508643 0.053535 0.054146
0 0.587766 0.644013 0.070630 0.060918
0 0.423433 0.777140 0.025117 0.090248
0 0.275721 0.722146 0.035618 0.114219
0 0.438397 0.944667 0.023215 0.108636
0 0.661088 0.442617 0.053987 0.036547
0 0.728031 0.436017 0.047507 0.043659
0 0.712104 0.486272 0.061006 0.046703
0 0.454642 0.688386 0.044363 0.041713
0 0.302777 0.512183 0.032493 0.038774
0 0.286844 0.246908 0.028118 0.061694
0 0.260101 0.141444 0.044050 0.044063
