0 0.836974 0.782124 0.061545 0.152291
0 0.919572 0.840604 0.024617 0.140106
0 0.547394 0.788214 0.070613 0.064573
0 0.623190 0.860705 0.044700 0.116956
0 0.681819 0.868625 0.055713 0.076754
0 0.680847 0.809536 0.039517 0.068228
0 0.705789 0.710241 0.046646 0.040207
0 0.856460 0.309949 0.044312 0.048246
0 0.075178 0.747084 0.061416 0.074564
0 0.118712 0.732463 0.038093 0.059940
0 0.590980 0.341382 0.046643 0.043857
0 0.702148 0.219307 0.040425 0.059945
0 0.511298 0.525592 0.050530 0.040937
0 0.776777 0.340652 0.021768 0.062865
0 0.784163 0.537289 0.039648 0.043861
0 0.441528 0.774509 0.041567 0.052792
0 0.392941 0.916139 0.024294 0.074114
0 0.484987 0.756233 0.038870 0.054826
0 0.314932 0.772984 0.031313 0.043655
0 0.272283 0.899387 0.028071 0.062943
0 0.145902 0.878269 0.048049 0.061928
0 0.183152 0.845781 0.028613 0.051781
0 0.297603 0.691458 0.021055 0.047718
0 0.788333 0.385863 0.032393 0.046703
0 0.736366 0.933439 0.036926 0.108430
0 0.748999 0.834754 0.037573 0.108434
0 0.478530 0.884098 0.034336 0.080409
