0 0.535853 0.372753 0.078474 0.071244
0 0.616021 0.412828 0.066973 0.057254
0 0.595725 0.348581 0.061562 0.050891
0 0.678597 0.342854 0.058181 0.057250
0 0.726969 0.351125 0.068328 0.073792
0 0.714791 0.234711 0.069680 0.059798
0 0.784473 0.348579 0.060210 0.048343
0 0.793267 0.188912 0.064268 0.062342
0 0.732719 0.513338 0.052766 0.067429
0 0.792927 0.544509 0.040591 0.078880
0 0.600460 0.736621 0.056150 0.068705
0 0.590651 0.496162 0.059534 0.043260
0 0.558517 0.524787 0.062917 0.054706
0 0.516573 0.457994 0.050740 0.045803
0 0.478689 0.450360 0.046680 0.045799
0 0.388712 0.476442 0.058855 0.052167
0 0.294340 0.491072 0.062239 0.058526
0 0.406302 0.583310 0.053445 0.036896
0 0.424230 0.651377 0.059534 0.055978
0 0.322415 0.648834 0.064268 0.048347
0 0.308545 0.695909 0.069004 0.076336
0 0.406639 0.691455 0.048708 0.041983
0 0.267955 0.660285 0.059534 0.045803
0 0.091724 0.347307 0.046680 0.048343
0 0.050795 0.417918 0.046003 0.057250
0 0.162758 0.781784 0.053445 0.054706
0 0.185420 0.895654 0.055474 0.086515
0 0.619403 0.528604 0.053445 0.047071
0 0.499659 0.620207 0.042620 0.041983
0 0.426259 0.769063 0.052766 0.044527
