0 0.634625 0.350487 0.074417 0.067429
0 0.775338 0.395016 0.048708 0.052163
0 0.634963 0.730895 0.072388 0.064885
0 0.719526 0.821862 0.075093 0.063613
0 0.748617 0.683184 0.066975 0.061070
0 0.691791 0.669826 0.054797 0.044527
0 0.741174 0.723262 0.061562 0.052163
0 0.802400 0.772243 0.058179 0.048343
0 0.798678 0.714355 0.056150 0.054706
0 0.642404 0.552142 0.066975 0.068701
0 0.571371 0.524787 0.054797 0.049619
0 0.399537 0.414738 0.053445 0.048347
0 0.852799 0.640565 0.052092 0.036896
0 0.911655 0.697815 0.048032 0.039440
0 0.775339 0.601125 0.041943 0.044527
0 0.730690 0.498705 0.059534 0.050891
0 0.582871 0.473262 0.045327 0.040712
0 0.557841 0.419828 0.049387 0.038168
0 0.600123 0.183184 0.048708 0.043255
0 0.696863 0.326951 0.041943 0.050891
0 0.723586 0.382296 0.045327 0.036896
0 0.736777 0.428730 0.051416 0.043255
