0 0.496616 0.325041 0.044648 0.062342
0 0.486807 0.677459 0.085918 0.072521
0 0.641727 0.631657 0.079153 0.057254
0 0.366387 0.783694 0.087271 0.068701
0 0.169185 0.662828 0.071709 0.078880
0 0.367740 0.388655 0.066975 0.062342
0 0.605197 0.234075 0.053445 0.043255
0 0.457379 0.929369 0.062239 0.054706
0 0.775001 0.683184 0.053445 0.055983
0 0.771279 0.795781 0.055474 0.059798
0 0.559532 0.329495 0.046003 0.045803
0 0.430995 0.577585 0.085242 0.076336
0 0.524353 0.371481 0.046001 0.045799
0 0.691451 0.853033 0.101477 0.108140
0 0.368756 0.466263 0.046003 0.062342
0 0.328840 0.460539 0.054121 0.066157
0 0.209774 0.509520 0.059534 0.054706
0 0.365710 0.694635 0.073740 0.094146
0 0.639360 0.826315 0.056826 0.052163
0 0.432009 0.777332 0.065620 0.063609
0 0.426260 0.862573 0.055474 0.043255
0 0.288589 0.860030 0.056152 0.068701
0 0.273030 0.659011 0.060210 0.063613
0 0.519618 0.860030 0.060886 0.068701
0 0.308546 0.339038 0.050061 0.049619
