0 0.357593 0.625296 0.072388 0.059793
0 0.473276 0.461811 0.049385 0.066157
0 0.551074 0.485349 0.060210 0.059798
0 0.813562 0.738528 0.091328 0.156488
0 0.808488 0.319318 0.089299 0.086515
0 0.662024 0.670461 0.062915 0.058526
0 0.678259 0.730893 0.062915 0.077608
0 0.723248 0.601125 0.062239 0.062342
0 0.626168 0.527968 0.049387 0.053439
0 0.487484 0.552142 0.053445 0.048343
0 0.281486 0.680005 0.062239 0.059798
0 0.210452 0.620209 0.054121 0.057250
0 0.257468 0.431276 0.060210 0.053434
0 0.320385 0.353030 0.054797 0.062342
0 0.142462 0.571862 0.054797 0.047075
0 0.091047 0.324408 0.053442 0.048347
0 0.341018 0.849851 0.043296 0.058526
0 0.172229 0.895018 0.043975 0.085243
0 0.645449 0.354940 0.043296 0.050891
0 0.689761 0.323770 0.049385 0.054711
0 0.479027 0.921733 0.059534 0.080152
0 0.537545 0.821224 0.045325 0.049619
0 0.367740 0.705450 0.056150 0.059798
