0 0.811194 0.423643 0.132598 0.272264
0 0.905229 0.827587 0.083887 0.118324
0 0.795295 0.188274 0.087271 0.078880
0 0.868359 0.235985 0.049385 0.082695
0 0.728322 0.212447 0.045325 0.053434
0 0.635300 0.895652 0.055474 0.081423
0 0.533486 0.820590 0.061562 0.063613
0 0.368417 0.755705 0.042620 0.066157
0 0.414420 0.820590 0.053445 0.055983
0 0.573063 0.405193 0.035178 0.090331
0 0.662361 0.412192 0.037886 0.066157
0 0.435730 0.407739 0.046001 0.044532
0 0.486130 0.161556 0.042622 0.053434
0 0.082252 0.805324 0.042620 0.114504
