0 0.499659 0.329495 0.083210 0.083967
0 0.486467 0.435730 0.082534 0.087787
0 0.471586 0.601123 0.105535 0.125955
0 0.459408 0.694635 0.087947 0.119591
0 0.843328 0.653287 0.088623 0.095418
0 0.887301 0.547688 0.092683 0.103053
0 0.904214 0.452904 0.102153 0.139949
0 0.816606 0.274789 0.077124 0.078880
0 0.822356 0.373388 0.077798 0.067429
0 0.844681 0.437638 0.077800 0.081428
0 0.573062 0.769063 0.092007 0.085243
0 0.639698 0.845399 0.114329 0.115776
0 0.788193 0.883567 0.083887 0.113232
0 0.652213 0.204814 0.063591 0.061070
0 0.614668 0.125932 0.072388 0.058522
0 0.658979 0.077587 0.051416 0.040712
0 0.599108 0.193999 0.064270 0.062342
0 0.614668 0.279240 0.064268 0.054706
0 0.575768 0.521607 0.067649 0.073792
0 0.693820 0.404559 0.068328 0.071249
0 0.745234 0.328861 0.048032 0.115776
0 0.666082 0.648198 0.061562 0.082695
0 0.850432 0.173007 0.085239 0.099238
0 0.362667 0.492982 0.074417 0.075064
0 0.364020 0.411556 0.087947 0.082700
0 0.338989 0.784968 0.081182 0.076336
0 0.418817 0.171736 0.041946 0.096694
0 0.397169 0.227713 0.060886 0.076336
0 0.715129 0.496162 0.079829 0.078880
0 0.627522 0.332041 0.046680 0.122135
0 0.398522 0.928097 0.071711 0.075064
0 0.741514 0.582674 0.063594 0.061070
0 0.757412 0.101761 0.062915 0.071244
0 0.210112 0.401377 0.060210 0.069972
0 0.203687 0.327587 0.058179 0.049619
0 0.369094 0.183820 0.073740 0.067429
0 0.442833 0.498708 0.065623 0.063613
