0 0.617306 0.470461 0.071033 0.059793
0 0.559802 0.530257 0.053442 0.067429
0 0.595657 0.638402 0.060210 0.064885
0 0.572993 0.876951 0.082534 0.071249
0 0.844951 0.656212 0.067651 0.062342
0 0.870660 0.572881 0.062239 0.061070
0 0.764785 0.637764 0.052090 0.050891
0 0.739417 0.672753 0.050063 0.052163
0 0.796582 0.721100 0.046680 0.075064
0 0.813156 0.503542 0.037883 0.049619
0 0.922750 0.899851 0.073064 0.089059
0 0.920045 0.813338 0.062239 0.045803
0 0.407587 0.500360 0.038562 0.050886
0 0.285815 0.487002 0.049385 0.047071
0 0.646090 0.567169 0.046980 0.055661
0 0.699646 0.437291 0.039463 0.037989
0 0.600697 0.418809 0.045100 0.045588
0 0.708702 0.353033 0.035857 0.043255
0 0.367170 0.288949 0.043691 0.041524
