0 0.379241 0.456722 0.046680 0.066162
0 0.287236 0.604304 0.062915 0.055983
0 0.157345 0.454814 0.066975 0.075064
0 0.048427 0.579495 0.079153 0.097961
0 0.125211 0.675551 0.071711 0.086511
0 0.234806 0.652649 0.051414 0.045803
0 0.413743 0.872750 0.062915 0.076336
0 0.528750 0.597943 0.046680 0.061065
0 0.585916 0.582674 0.056826 0.066157
0 0.435054 0.569954 0.050063 0.055978
0 0.383977 0.586492 0.056152 0.045803
0 0.220598 0.396924 0.054121 0.048347
0 0.323091 0.265882 0.045327 0.045803
0 0.051471 0.888019 0.064944 0.061070
0 0.041661 0.379750 0.066975 0.072521
0 0.087665 0.447815 0.054797 0.048347
0 0.276411 0.323770 0.043975 0.054711
0 0.226349 0.508248 0.053445 0.044532
0 0.033882 0.725170 0.055474 0.081423
0 0.338312 0.648198 0.048708 0.057250
0 0.758765 0.323134 0.043975 0.081428
0 0.825402 0.335220 0.046003 0.069972
0 0.230070 0.365117 0.047356 0.040712
