0 0.572047 0.233441 0.092683 0.075064
0 0.804429 0.276061 0.079829 0.081423
0 0.891698 0.269699 0.087947 0.094146
0 0.905229 0.429369 0.066299 0.080152
0 0.977954 0.129114 0.042622 0.108145
0 0.453319 0.681912 0.101477 0.073788
0 0.459746 0.477713 0.077798 0.092874
0 0.551414 0.395018 0.079829 0.064885
0 0.553781 0.323770 0.066975 0.064885
0 0.340002 0.300232 0.088623 0.068701
0 0.242249 0.770971 0.067651 0.078884
0 0.353533 0.547688 0.061563 0.049619
0 0.516573 0.512064 0.052092 0.052163
0 0.456364 0.583949 0.056150 0.048347
0 0.438436 0.336492 0.058181 0.072516
0 0.347783 0.499341 0.056826 0.047075
0 0.618387 0.415374 0.048708 0.047075
