0 0.475983 0.506977 0.076448 0.052163
0 0.544987 0.461175 0.077800 0.082700
0 0.700923 0.375296 0.063594 0.061070
0 0.718174 0.543237 0.056152 0.050891
0 0.387020 0.312321 0.073064 0.077608
0 0.453657 0.245526 0.056152 0.058526
0 0.478351 0.288147 0.063591 0.072521
0 0.552090 0.314229 0.056826 0.076336
0 0.261866 0.529242 0.079827 0.076336
0 0.358608 0.601125 0.093359 0.085243
0 0.255779 0.355576 0.067651 0.110684
0 0.373829 0.097943 0.068328 0.086511
0 0.108975 0.510794 0.066299 0.059798
0 0.060604 0.619573 0.056150 0.050891
0 0.062633 0.698453 0.056150 0.053434
0 0.239203 0.794506 0.071033 0.080152
0 0.288927 0.748072 0.069006 0.055978
0 0.298737 0.693999 0.080505 0.054711
0 0.188126 0.826313 0.064944 0.064885
0 0.422200 0.718809 0.062241 0.053439
0 0.592004 0.654559 0.079829 0.062342
0 0.496278 0.614483 0.069680 0.063613
0 0.235144 0.889291 0.083213 0.068701
0 0.405287 0.943363 0.069006 0.054706
0 0.483762 0.734713 0.052769 0.054706
0 0.446892 0.391201 0.057505 0.054706
0 0.150581 0.421100 0.049385 0.068701
0 0.467187 0.192727 0.060210 0.057254
0 0.399874 0.478988 0.048708 0.052163
0 0.307869 0.454178 0.058179 0.053434
