0 0.460084 0.345399 0.056829 0.057254
0 0.541943 0.228988 0.040591 0.094146
0 0.607563 0.454176 0.041943 0.066157
0 0.784810 0.602397 0.054121 0.097961
0 0.149565 0.455450 0.067651 0.160303
0 0.380931 0.378476 0.047356 0.090331
0 0.288251 0.648834 0.063591 0.076336
0 0.360975 0.654559 0.043972 0.062342
0 0.686039 0.508248 0.047356 0.082695
0 0.690099 0.405831 0.046003 0.076336
0 0.375858 0.516520 0.042620 0.048347
0 0.567987 0.340310 0.039915 0.052163
0 0.254424 0.374024 0.041943 0.068701
0 0.466511 0.615755 0.043975 0.055983
0 0.376196 0.557867 0.043296 0.059793
0 0.301105 0.497433 0.033826 0.071249
0 0.772633 0.369571 0.043298 0.054706
