0 0.442495 0.760792 0.056826 0.066157
0 0.443511 0.803414 0.060210 0.067433
0 0.635977 0.603669 0.067651 0.057254
0 0.484777 0.427459 0.069680 0.058526
0 0.328503 0.499979 0.073740 0.086515
0 0.403258 0.558501 0.060886 0.063613
0 0.451289 0.589674 0.056826 0.062342
0 0.307531 0.770335 0.058855 0.057254
0 0.285883 0.713083 0.065623 0.077608
0 0.136373 0.471352 0.065623 0.057250
0 0.559194 0.450360 0.060210 0.053439
0 0.582195 0.202270 0.052090 0.066157
0 0.580842 0.601758 0.050737 0.053434
0 0.721555 0.405195 0.046680 0.054706
0 0.757411 0.437002 0.039915 0.047071
0 0.468202 0.371481 0.058181 0.043255
0 0.319708 0.314865 0.050740 0.052163
0 0.197598 0.503159 0.046001 0.054711
0 0.308546 0.609394 0.050061 0.048347
0 0.334592 0.564865 0.048032 0.048343
0 0.448922 0.453540 0.049387 0.039440
0 0.460084 0.509520 0.056829 0.052163
0 0.514883 0.480895 0.067651 0.055978
0 0.604181 0.365755 0.047356 0.044532
0 0.380594 0.303414 0.043972 0.072521
0 0.435730 0.317408 0.051416 0.049619
