0 0.140770 0.853669 0.105535 0.117052
0 0.121490 0.763338 0.064270 0.061065
0 0.160728 0.702268 0.048032 0.071249
0 0.100519 0.650742 0.054797 0.057250
0 0.061958 0.589672 0.089976 0.100510
0 0.456702 0.910285 0.070356 0.082700
0 0.473953 0.751887 0.073740 0.081423
0 0.659994 0.910918 0.095388 0.104325
0 0.583547 0.729621 0.064268 0.054706
0 0.209437 0.817408 0.043972 0.059793
0 0.235144 0.760794 0.052090 0.048347
0 0.264573 0.510792 0.052769 0.052163
0 0.388712 0.727078 0.050740 0.049619
0 0.233114 0.616391 0.042620 0.036896
