0 0.753014 0.522879 0.069006 0.124683
0 0.820327 0.582039 0.098096 0.087787
0 0.823710 0.412828 0.066975 0.138678
0 0.910642 0.484075 0.083887 0.069977
0 0.942098 0.625932 0.071033 0.160303
0 0.913347 0.707994 0.100122 0.131047
0 0.227025 0.588402 0.107566 0.087787
0 0.177980 0.646926 0.117712 0.103053
0 0.476321 0.752523 0.121772 0.235367
0 0.501013 0.853669 0.141392 0.137401
0 0.736777 0.896290 0.148833 0.143765
0 0.775676 0.732803 0.060210 0.083972
0 0.664729 0.666010 0.100801 0.085243
0 0.623800 0.349851 0.064944 0.122135
0 0.634624 0.491072 0.064946 0.061070
0 0.684010 0.374660 0.064944 0.064885
0 0.613315 0.246798 0.075093 0.089059
0 0.677245 0.188910 0.063591 0.052163
0 0.721895 0.213083 0.051416 0.041988
0 0.757073 0.286876 0.054121 0.082695
0 0.745234 0.169828 0.061562 0.052163
0 0.918422 0.318680 0.065623 0.072521
0 0.928907 0.231531 0.074417 0.068701
0 0.910979 0.187638 0.060210 0.069977
0 0.766206 0.084584 0.046680 0.059793
0 0.790222 0.029242 0.051416 0.050891
0 0.528074 0.168554 0.071035 0.059798
0 0.550060 0.205450 0.062239 0.072516
0 0.327826 0.262066 0.054797 0.078880
0 0.545663 0.340946 0.072385 0.068705
0 0.386007 0.839038 0.080505 0.131042
0 0.510485 0.533058 0.072385 0.076336
0 0.192186 0.760156 0.059534 0.120863
0 0.600460 0.186364 0.064270 0.062342
