0 0.622448 0.567410 0.144773 0.152672
0 0.664053 0.342218 0.088623 0.068705
0 0.753015 0.241072 0.054121 0.052163
0 0.642743 0.238528 0.075769 0.067433
0 0.571033 0.318680 0.083887 0.057250
0 0.545663 0.372753 0.069680 0.055983
0 0.447230 0.270971 0.074417 0.068701
0 0.414082 0.449725 0.079829 0.064885
0 0.337974 0.448453 0.062915 0.064885
0 0.299075 0.392472 0.064946 0.054706
0 0.282162 0.510792 0.070359 0.052163
0 0.145507 0.478349 0.066296 0.063613
0 0.179670 0.400106 0.053442 0.054711
0 0.222628 0.569954 0.058181 0.048347
0 0.226687 0.523517 0.043296 0.041983
0 0.491204 0.349215 0.054121 0.059798
0 0.426260 0.499343 0.041943 0.041983
0 0.876816 0.343492 0.054121 0.061070
0 0.288589 0.592854 0.049385 0.048343
0 0.130623 0.601125 0.037886 0.039440
