0 0.556149 0.270335 0.074417 0.064885
0 0.548369 0.337128 0.073740 0.058526
0 0.579150 0.398198 0.082534 0.073788
0 0.667773 0.360666 0.069004 0.057254
0 0.692467 0.183822 0.068328 0.054706
0 0.797327 0.314229 0.061562 0.048347
0 0.965778 0.312955 0.066975 0.066157
0 0.799694 0.437002 0.046003 0.047071
0 0.594709 0.478349 0.054121 0.061070
0 0.587946 0.525425 0.044651 0.045799
0 0.439789 0.468173 0.063591 0.053434
0 0.440466 0.353669 0.066299 0.053434
0 0.342710 0.386747 0.076445 0.058526
0 0.336283 0.349851 0.052766 0.043255
0 0.283176 0.641837 0.060210 0.054711
0 0.269984 0.587764 0.051414 0.050891
0 0.256455 0.486618 0.056826 0.052163
0 0.434038 0.554050 0.062915 0.047071
0 0.392771 0.462447 0.050737 0.044527
0 0.343048 0.446543 0.050061 0.045803
0 0.503719 0.532422 0.052092 0.041988
0 0.178994 0.550234 0.062915 0.062342
0 0.164786 0.672369 0.057502 0.059798
0 0.418141 0.809775 0.048708 0.047071
0 0.304825 0.683820 0.039915 0.031809
0 0.128594 0.678733 0.039238 0.041983
0 0.847050 0.258248 0.046003 0.035624
0 0.664391 0.288783 0.046003 0.050891
0 0.704305 0.336492 0.039236 0.036896
0 0.876815 0.369571 0.037883 0.052163
0 0.890007 0.398834 0.043975 0.039440
0 0.323767 0.762700 0.049385 0.036896
