0 0.318694 0.666008 0.092007 0.072521
0 0.175612 0.621481 0.094036 0.128499
0 0.656611 0.589038 0.102153 0.162851
0 0.506088 0.673643 0.058181 0.057250
0 0.454672 0.727080 0.060886 0.062342
0 0.378226 0.872753 0.083889 0.071244
0 0.345077 0.545778 0.064944 0.063613
0 0.345754 0.464355 0.069004 0.055983
0 0.429642 0.496798 0.062239 0.059793
0 0.901508 0.687638 0.053445 0.041988
0 0.858888 0.479624 0.046677 0.048347
0 0.303810 0.808503 0.063591 0.057254
0 0.284191 0.758884 0.074417 0.059798
0 0.092062 0.791963 0.044651 0.052163
0 0.124535 0.727078 0.047356 0.049619
0 0.531456 0.475806 0.049387 0.043255
0 0.254762 0.530512 0.054797 0.066157
0 0.626844 0.818044 0.057502 0.055978
0 0.475645 0.792601 0.050063 0.038168
