0 0.305236 0.352126 0.061545 0.052388
0 0.087241 0.519575 0.024619 0.103558
0 0.779996 0.559685 0.030784 0.180702
0 0.473735 0.891286 0.077739 0.067006
0 0.562489 0.855953 0.046643 0.074320
0 0.410249 0.915652 0.024619 0.113306
0 0.413167 0.735473 0.039590 0.080376
0 0.441736 0.807385 0.040039 0.048223
0 0.421995 0.422819 0.039678 0.030551
0 0.156240 0.087392 0.041387 0.036382
0 0.194481 0.121235 0.041389 0.038072
0 0.207076 0.301866 0.035090 0.035533
0 0.284681 0.244334 0.029241 0.045684
0 0.916521 0.610009 0.040303 0.074619
0 0.921300 0.852378 0.082058 0.081221
0 0.576115 0.905106 0.060735 0.051607
0 0.232358 0.468765 0.040615 0.038191
0 0.251727 0.631804 0.041238 0.035253
0 0.456465 0.767321 0.040093 0.029867
0 0.254058 0.177225 0.039517 0.054826
0 0.332120 0.263118 0.051829 0.043857
0 0.367427 0.211338 0.057656 0.054826
0 0.382976 0.352665 0.045996 0.035331
0 0.369047 0.301494 0.040164 0.042640
0 0.559508 0.420888 0.049236 0.035331
0 0.623967 0.469621 0.042109 0.069444
0 0.493107 0.514093 0.052473 0.043861
0 0.483389 0.629832 0.064136 0.046295
0 0.547524 0.548813 0.045996 0.062135
0 0.315601 0.571963 0.051177 0.049949
0 0.337952 0.509828 0.044053 0.035331
0 0.330825 0.480588 0.045347 0.042645
0 0.376821 0.531150 0.041460 0.031676
0 0.218750 0.511045 0.051826 0.062135
0 0.267661 0.539068 0.038223 0.071882
0 0.212595 0.369720 0.035630 0.074316
0 0.452950 0.741129 0.045042 0.024481
