0 0.522131 0.652036 0.068286 0.109472
0 0.293445 0.445376 0.061543 0.082847
0 0.292473 0.584268 0.025913 0.126708
0 0.374424 0.539798 0.043403 0.113306
0 0.235789 0.643965 0.027856 0.112089
0 0.373127 0.736559 0.053770 0.043861
0 0.412970 0.774327 0.057009 0.038985
0 0.419347 0.858809 0.057839 0.112282
0 0.732762 0.477254 0.044988 0.058375
0 0.649084 0.517865 0.043188 0.054995
0 0.706670 0.650275 0.047686 0.043994
0 0.635590 0.613893 0.048586 0.035537
0 0.656360 0.442406 0.040425 0.058476
0 0.820000 0.364920 0.033428 0.049711
0 0.413309 0.454791 0.029993 0.029610
0 0.353477 0.652778 0.043188 0.067006
0 0.220403 0.541097 0.040488 0.046703
0 0.694019 0.852785 0.046968 0.075129
0 0.624379 0.865478 0.067483 0.041625
0 0.766090 0.515209 0.046428 0.035533
0 0.380726 0.915475 0.041047 0.119298
