0 0.379241 0.522881 0.058857 0.089059
0 0.587946 0.581403 0.044651 0.063613
0 0.346769 0.602397 0.041267 0.108145
0 0.254425 0.359394 0.048708 0.044527
0 0.630565 0.472626 0.043298 0.039440
0 0.343386 0.472626 0.056152 0.062342
0 0.365035 0.830131 0.041267 0.059793
0 0.334592 0.808503 0.048032 0.041983
0 0.302118 0.512066 0.054797 0.092874
0 0.421185 0.363848 0.053445 0.055978
0 0.235144 0.641837 0.058857 0.057254
0 0.112695 0.559775 0.061562 0.071249
0 0.268292 0.809139 0.041267 0.073788
0 0.181023 0.889293 0.045327 0.081423
0 0.586254 0.249979 0.049387 0.047075
0 0.140432 0.711811 0.052090 0.044532
0 0.458392 0.778604 0.052092 0.050891
0 0.535516 0.358756 0.053445 0.053434
0 0.454333 0.454176 0.048032 0.063613
0 0.474292 0.582677 0.055474 0.053434
0 0.174596 0.639929 0.047356 0.071244
0 0.125549 0.865755 0.038560 0.067433
0 0.147198 0.438912 0.056150 0.053434
0 0.271338 0.674915 0.036533 0.082695
