0 0.410023 0.659011 0.087947 0.091602
0 0.481057 0.596035 0.081182 0.054706
0 0.573062 0.466263 0.066299 0.067429
0 0.631241 0.475806 0.062239 0.071244
0 0.711071 0.440181 0.062239 0.094146
0 0.813900 0.548324 0.063591 0.078880
0 0.613314 0.385475 0.057502 0.078884
0 0.431671 0.328859 0.051414 0.059793
0 0.471246 0.323772 0.054797 0.049619
0 0.252057 0.735349 0.052092 0.050891
0 0.229055 0.933822 0.088623 0.089059
0 0.167156 0.759520 0.055474 0.058526
0 0.514543 0.903285 0.066973 0.061070
0 0.601136 0.734077 0.071033 0.078880
0 0.649846 0.863845 0.075093 0.089059
0 0.614668 0.693363 0.060210 0.086515
0 0.489174 0.483441 0.046003 0.063613
0 0.495262 0.417918 0.058181 0.067433
0 0.707010 0.583949 0.059534 0.078880
0 0.608917 0.298960 0.044651 0.066157
0 0.151256 0.468173 0.043972 0.094151
0 0.376873 0.456722 0.040591 0.058522
0 0.225334 0.221988 0.052769 0.059798
0 0.496278 0.210537 0.042620 0.064885
