0 0.759102 0.766517 0.069004 0.059793
0 0.844342 0.855576 0.074417 0.059793
0 0.782104 0.898198 0.054121 0.045799
0 0.839608 0.752523 0.060886 0.044532
0 0.852799 0.707994 0.056150 0.047071
0 0.819313 0.655195 0.046003 0.058526
0 0.759441 0.719444 0.061562 0.052167
0 0.758425 0.645016 0.067651 0.066157
0 0.746588 0.581403 0.066975 0.061070
0 0.802061 0.426823 0.046680 0.047071
0 0.620417 0.688910 0.056826 0.044532
0 0.653229 0.590946 0.062917 0.049614
0 0.709041 0.402649 0.078477 0.067429
0 0.455687 0.524151 0.058855 0.053434
0 0.461776 0.457358 0.050740 0.052163
0 0.558855 0.550870 0.062241 0.058526
0 0.629551 0.377842 0.058857 0.045803
0 0.782781 0.538147 0.050063 0.040712
0 0.665745 0.523515 0.052769 0.047075
0 0.674877 0.771607 0.052092 0.054711
0 0.432686 0.649470 0.058857 0.062337
0 0.585916 0.428097 0.056826 0.052163
0 0.551752 0.501251 0.053445 0.061070
0 0.603844 0.494890 0.053445 0.048347
0 0.587269 0.254433 0.047356 0.043255
