0 0.503678 0.430562 0.099817 0.150877
0 0.456569 0.802493 0.044778 0.136841
0 0.505078 0.863898 0.035449 0.101754
0 0.554054 0.766529 0.079294 0.100000
0 0.599764 0.869160 0.047576 0.042103
0 0.653871 0.871793 0.047576 0.075441
0 0.632415 0.718283 0.051309 0.038595
0 0.717772 0.559511 0.044778 0.064908
0 0.764884 0.549862 0.041980 0.035087
0 0.356285 0.632316 0.060637 0.084210
0 0.378207 0.804247 0.031716 0.231579
0 0.340892 0.814773 0.044778 0.147369
0 0.541460 0.961265 0.048511 0.071933
0 0.422052 0.941967 0.063435 0.043861
0 0.408525 0.779685 0.040112 0.182456
