0 0.517588 0.643744 0.060884 0.086515
0 0.502366 0.689545 0.058857 0.045803
0 0.430995 0.663464 0.044651 0.054706
0 0.228379 0.880388 0.058857 0.114504
0 0.719526 0.605579 0.049385 0.050891
0 0.603506 0.636747 0.041943 0.054706
0 0.558855 0.660921 0.052769 0.052163
0 0.384315 0.573134 0.043298 0.054706
0 0.738469 0.497433 0.050737 0.053434
0 0.708026 0.690817 0.045325 0.050891
0 0.686715 0.652652 0.046003 0.066157
0 0.795635 0.583949 0.040591 0.050891
0 0.862271 0.701632 0.043975 0.052163
0 0.879183 0.797055 0.056150 0.052163
0 0.902523 0.726442 0.037883 0.076336
