0 0.164449 0.682548 0.063591 0.067429
0 0.094091 0.799598 0.062239 0.054706
0 0.058236 0.562321 0.056829 0.061070
0 0.386683 0.466265 0.050740 0.049619
0 0.324105 0.385475 0.047356 0.043255
0 0.331886 0.190181 0.057502 0.080152
0 0.360299 0.520971 0.045325 0.059793
0 0.397168 0.557867 0.039238 0.052163
0 0.261907 0.457759 0.053179 0.055831
0 0.532914 0.436761 0.033826 0.038875
0 0.352981 0.098375 0.039463 0.037107
0 0.341471 0.294516 0.039934 0.045946
0 0.370598 0.379334 0.048389 0.040643
0 0.190431 0.415115 0.045100 0.036226
0 0.158954 0.388609 0.039465 0.037989
0 0.027644 0.276846 0.052148 0.045941
0 0.023571 0.331621 0.047141 0.049477
0 0.119961 0.521139 0.043223 0.048595
0 0.186993 0.376550 0.040325 0.040491
0 0.208322 0.198177 0.041155 0.039229
0 0.286898 0.304050 0.075769 0.083967
0 0.252058 0.412192 0.061562 0.068701
0 0.199628 0.562321 0.078474 0.068701
0 0.127917 0.319318 0.078477 0.068701
0 0.128594 0.424915 0.067651 0.058526
0 0.255778 0.200360 0.064944 0.052163
0 0.525367 0.582674 0.057502 0.066157
0 0.316664 0.680640 0.047356 0.071244
0 0.360637 0.669826 0.066299 0.059798
0 0.034220 0.643747 0.056150 0.050891
0 0.296707 0.569316 0.057505 0.064885
0 0.170199 0.492980 0.041267 0.041983
0 0.419159 0.293634 0.044045 0.039270
0 0.396672 0.137691 0.034766 0.052130
0 0.412881 0.340457 0.043691 0.044174
