0 0.569912 0.523398 0.089399 0.083333
0 0.515106 0.479539 0.087068 0.080409
0 0.461078 0.447376 0.072297 0.054091
0 0.615790 0.373554 0.070764 0.070156
0 0.597511 0.423253 0.046643 0.046781
0 0.616556 0.491965 0.050530 0.055556
0 0.669807 0.472231 0.062192 0.054096
0 0.711398 0.423983 0.075408 0.059940
0 0.769315 0.302640 0.082405 0.068714
0 0.737830 0.475154 0.062969 0.045321
0 0.712953 0.258779 0.067634 0.054096
0 0.726558 0.179102 0.065303 0.043861
0 0.339026 0.773400 0.058306 0.057020
0 0.429982 0.717114 0.067634 0.067250
0 0.804297 0.204685 0.052861 0.045321
0 0.854050 0.231733 0.059082 0.067250
0 0.802743 0.246354 0.068411 0.055556
0 0.662811 0.274130 0.049753 0.043861
0 0.661646 0.709070 0.059858 0.045321
0 0.506166 0.753662 0.090955 0.058480
0 0.463021 0.837727 0.065300 0.045326
0 0.500336 0.581150 0.065300 0.052631
0 0.481678 0.638898 0.071521 0.048246
0 0.544259 0.594307 0.053640 0.043857
0 0.404327 0.608196 0.066077 0.048246
0 0.340193 0.614773 0.074629 0.052631
0 0.330863 0.483196 0.054417 0.064325
0 0.396942 0.701031 0.093289 0.058480
0 0.375564 0.671791 0.055195 0.046786
0 0.323867 0.714922 0.065303 0.042397
0 0.269061 0.697376 0.056750 0.059940
0 0.199873 0.654979 0.058306 0.054091
0 0.193654 0.750007 0.078518 0.074559
0 0.271781 0.763166 0.063748 0.054091
0 0.286941 0.800448 0.066079 0.064330
