0 0.665067 0.635475 0.079827 0.113228
0 0.266603 0.865117 0.104182 0.089059
0 0.362667 0.898834 0.090652 0.087787
0 0.080900 0.737257 0.084563 0.067433
0 0.186096 0.648834 0.055474 0.058522
0 0.529427 0.419190 0.053445 0.049619
0 0.365034 0.375296 0.052090 0.058526
0 0.679275 0.419190 0.043296 0.067433
0 0.426597 0.543235 0.045327 0.061070
0 0.259161 0.519063 0.047356 0.045803
0 0.077517 0.869573 0.052090 0.090331
0 0.118446 0.582039 0.056829 0.041983
0 0.203687 0.881660 0.070356 0.066157
0 0.246646 0.811685 0.048032 0.048347
0 0.464144 0.566772 0.046003 0.047071
0 0.263557 0.617663 0.045327 0.044527
0 0.626844 0.375932 0.038562 0.059798
0 0.604181 0.524151 0.036531 0.076336
