0 0.854829 0.445907 0.058857 0.059793
0 0.803076 0.886747 0.067651 0.061070
0 0.864977 0.849215 0.054797 0.059798
0 0.268293 0.681276 0.049385 0.059798
0 0.691451 0.538147 0.043298 0.038168
0 0.696863 0.480893 0.027061 0.066157
0 0.725277 0.431912 0.039236 0.041988
0 0.586931 0.813590 0.049385 0.064885
0 0.515896 0.908375 0.049385 0.050891
0 0.467189 0.921736 0.054797 0.041983
0 0.397507 0.716901 0.050737 0.036896
0 0.399874 0.795145 0.046003 0.035624
0 0.476659 0.499343 0.034504 0.039440
0 0.580503 0.432548 0.043296 0.050891
0 0.607225 0.564229 0.039915 0.041983
0 0.565958 0.625932 0.031794 0.045803
0 0.577797 0.667918 0.032473 0.035624
0 0.535854 0.784332 0.043296 0.077608
0 0.489175 0.709268 0.044648 0.047075
0 0.622786 0.456086 0.030444 0.052163
0 0.545325 0.526697 0.032471 0.048343
0 0.622448 0.344128 0.037883 0.039440
0 0.631919 0.295781 0.028413 0.049614
0 0.790898 0.762702 0.036533 0.057250
