0 0.581519 0.425551 0.065620 0.090331
0 0.715469 0.549596 0.061562 0.081423
0 0.501689 0.482803 0.064268 0.062337
0 0.394124 0.622117 0.076445 0.058522
0 0.405964 0.558503 0.067651 0.068705
0 0.482410 0.738528 0.054121 0.105597
0 0.524691 0.675551 0.071033 0.091607
0 0.561223 0.822498 0.076445 0.080156
0 0.631919 0.569952 0.054121 0.066157
0 0.331886 0.611302 0.081858 0.087782
0 0.460084 0.277332 0.059534 0.061065
0 0.511499 0.341582 0.056826 0.072521
0 0.665067 0.756977 0.056829 0.061070
0 0.693820 0.630386 0.039915 0.064885
0 0.162419 0.692089 0.063594 0.050891
0 0.092739 0.718170 0.052769 0.049619
0 0.373828 0.332677 0.046680 0.041983
0 0.644097 0.409646 0.054121 0.050891
0 0.563929 0.618937 0.041267 0.054706
0 0.495940 0.437002 0.054121 0.064885
