0 0.307192 0.426189 0.073062 0.078880
0 0.340004 0.288145 0.060208 0.064885
0 0.433362 0.277332 0.057505 0.068705
0 0.486130 0.428095 0.057505 0.059798
0 0.268293 0.765246 0.056152 0.087782
0 0.297722 0.592856 0.069004 0.053434
0 0.215525 0.521607 0.077798 0.068705
0 0.278441 0.513974 0.068328 0.068701
0 0.112019 0.433186 0.068330 0.087787
0 0.106606 0.382296 0.071035 0.062342
0 0.158021 0.512700 0.053445 0.099238
0 0.213834 0.585856 0.071711 0.075064
0 0.141448 0.667282 0.066299 0.090331
0 0.094092 0.777332 0.055474 0.048347
0 0.071428 0.806596 0.061562 0.061070
0 0.164110 0.847943 0.057502 0.082700
0 0.031852 0.529876 0.060886 0.064885
0 0.416112 0.690181 0.048708 0.049619
0 0.421862 0.533694 0.052092 0.059793
0 0.383977 0.462447 0.056152 0.057254
0 0.249689 0.457994 0.073064 0.071249
0 0.220261 0.716901 0.045327 0.062342
0 0.103900 0.648198 0.080505 0.067433
0 0.386006 0.390565 0.045327 0.043260
