0 0.517250 0.692727 0.072385 0.087787
0 0.548707 0.665372 0.050061 0.050891
0 0.625491 0.582677 0.046680 0.053434
0 0.658640 0.561047 0.073740 0.083967
0 0.674200 0.644380 0.050740 0.054711
0 0.767222 0.557231 0.069004 0.053434
0 0.716820 0.430640 0.065623 0.085239
0 0.761471 0.369573 0.054797 0.059798
0 0.752676 0.326315 0.050737 0.047075
0 0.632257 0.399470 0.065623 0.066157
0 0.532133 0.335220 0.084563 0.085243
0 0.420508 0.256341 0.073740 0.085243
0 0.476321 0.279242 0.054121 0.041983
0 0.629213 0.485985 0.052766 0.068701
0 0.825740 0.749341 0.034502 0.086515
0 0.751322 0.822498 0.056150 0.095418
0 0.502028 0.894382 0.064944 0.089059
0 0.550399 0.851125 0.071033 0.071249
0 0.563928 0.567410 0.060210 0.050891
0 0.416449 0.457358 0.066975 0.082695
0 0.407655 0.655831 0.071033 0.069972
0 0.902861 0.515884 0.054800 0.100510
