0 0.349418 0.729612 0.038220 0.084063
0 0.648066 0.562094 0.038223 0.029238
0 0.118790 0.615090 0.018787 0.069444
0 0.669445 0.322084 0.104299 0.095032
0 0.638673 0.697328 0.063489 0.136455
0 0.739087 0.792968 0.051826 0.069444
0 0.885172 0.637631 0.061545 0.068228
0 0.960645 0.565140 0.054419 0.067011
0 0.918860 0.719256 0.087456 0.082847
0 0.782491 0.665650 0.044050 0.099904
0 0.852133 0.820379 0.077092 0.051171
0 0.893270 0.791749 0.072556 0.079192
0 0.659404 0.852055 0.062192 0.053604
0 0.538907 0.777128 0.053123 0.042640
0 0.548624 0.536508 0.046643 0.043861
0 0.618915 0.532245 0.034333 0.052388
0 0.262284 0.479855 0.075149 0.069444
0 0.341643 0.467064 0.068022 0.065790
0 0.464407 0.362289 0.033687 0.046295
0 0.147942 0.786876 0.039517 0.144982
0 0.419384 0.626056 0.030447 0.076758
0 0.046881 0.571841 0.039519 0.124270
0 0.259369 0.301373 0.069319 0.082847
0 0.138549 0.548083 0.045349 0.035331
0 0.321560 0.535900 0.035630 0.037769
