0 0.542957 0.361304 0.045327 0.050891
0 0.542957 0.445907 0.048032 0.072521
0 0.601475 0.420461 0.052769 0.049619
0 0.473615 0.849851 0.102830 0.089059
0 0.460422 0.437638 0.052090 0.073788
0 0.148550 0.923005 0.046680 0.049619
0 0.124534 0.881022 0.055474 0.052163
0 0.595049 0.595399 0.058857 0.073792
0 0.663376 0.477078 0.050737 0.071244
0 0.577460 0.520335 0.054797 0.048347
0 0.840283 0.033694 0.055474 0.049619
0 0.805105 0.162828 0.043296 0.035620
0 0.635640 0.347305 0.077798 0.076336
0 0.510483 0.208629 0.048032 0.040712
0 0.787178 0.416008 0.119741 0.086515
0 0.720204 0.239800 0.056150 0.049619
0 0.601138 0.262700 0.058857 0.041983
0 0.744219 0.511428 0.066299 0.055978
