0 0.359961 0.290055 0.106890 0.096694
0 0.415435 0.450999 0.055474 0.077608
0 0.469556 0.444635 0.052769 0.044532
0 0.368079 0.634839 0.077124 0.071249
0 0.445540 0.697817 0.072388 0.075064
0 0.529764 0.652013 0.062239 0.054706
0 0.656949 0.441453 0.092004 0.086515
0 0.668112 0.353033 0.065623 0.067433
0 0.531794 0.236621 0.051416 0.058522
0 0.587606 0.306596 0.054797 0.066157
0 0.257468 0.430005 0.076445 0.083967
0 0.338312 0.373388 0.063591 0.062342
0 0.293324 0.586492 0.071033 0.076336
0 0.190833 0.723896 0.062241 0.086515
0 0.162081 0.802142 0.071033 0.062337
0 0.516912 0.848581 0.054121 0.050891
0 0.578473 0.774787 0.087947 0.068701
0 0.619065 0.694635 0.069004 0.066157
0 0.683672 0.589672 0.049385 0.049619
0 0.774324 0.459904 0.076445 0.062342
0 0.872080 0.627204 0.052769 0.055978
0 0.948864 0.238528 0.053445 0.057250
0 0.747601 0.225168 0.048708 0.063613
0 0.486807 0.482803 0.057505 0.041988
0 0.536869 0.512064 0.057502 0.052163
0 0.617374 0.578223 0.054797 0.049614
0 0.529426 0.337130 0.049385 0.048347
0 0.635302 0.115753 0.058181 0.053434
0 0.701937 0.292599 0.056150 0.058522
0 0.080223 0.545145 0.072385 0.072521
0 0.121490 0.716899 0.043972 0.052163
0 0.468202 0.610030 0.046003 0.049619
