0 0.484617 0.615966 0.041987 0.048646
0 0.543475 0.779185 0.051736 0.053586
0 0.279139 0.903345 0.030232 0.073099
0 0.380363 0.779479 0.044807 0.036543
0 0.478076 0.703845 0.039409 0.045689
0 0.498591 0.785067 0.041567 0.033503
0 0.401417 0.562723 0.025374 0.053811
0 0.366866 0.601811 0.026453 0.056855
0 0.370914 0.652068 0.028074 0.045689
0 0.493462 0.823140 0.042109 0.042645
0 0.531792 0.863751 0.053984 0.038577
0 0.223264 0.905884 0.028613 0.063962
0 0.200050 0.759685 0.025374 0.053806
0 0.506689 0.578462 0.030771 0.032489
