0 0.736128 0.568815 0.042109 0.032489
0 0.811708 0.474394 0.048586 0.046703
0 0.884049 0.555108 0.048586 0.094421
0 0.882699 0.499775 0.050208 0.062948
0 0.938035 0.653590 0.059385 0.059899
0 0.841940 0.821111 0.073420 0.074114
0 0.541068 0.860351 0.025193 0.121832
0 0.391259 0.872195 0.041389 0.072764
0 0.297683 0.576919 0.018896 0.074454
0 0.388560 0.621761 0.035991 0.033843
0 0.349889 0.410774 0.026243 0.052291
0 0.848352 0.520702 0.042490 0.057576
0 0.219484 0.959187 0.029153 0.070055
0 0.348781 0.156616 0.044807 0.048733
0 0.308021 0.133264 0.049666 0.048733
0 0.218136 0.144431 0.042649 0.048733
0 0.176836 0.333781 0.037788 0.065992
0 0.755834 0.642932 0.069641 0.073099
0 0.381288 0.418411 0.027180 0.058163
0 0.676335 0.494793 0.035303 0.075207
0 0.285221 0.379364 0.026995 0.126910
0 0.427609 0.335372 0.031042 0.050762
0 0.603864 0.348503 0.066941 0.062948
0 0.656770 0.438859 0.060464 0.056855
0 0.554197 0.361191 0.043188 0.047718
0 0.611962 0.506377 0.062625 0.088329
0 0.544209 0.518051 0.046968 0.044669
0 0.564723 0.634300 0.052366 0.163457
0 0.245398 0.584552 0.022676 0.082236
0 0.250256 0.525158 0.042109 0.052796
0 0.346351 0.684047 0.036711 0.082236
0 0.464310 0.665771 0.053445 0.057870
