0 0.370109 0.583313 0.079827 0.077608
0 0.393110 0.396290 0.067651 0.059798
0 0.272014 0.541327 0.063594 0.062342
0 0.367064 0.734075 0.081858 0.068701
0 0.283854 0.867027 0.094036 0.118324
0 0.118108 0.790055 0.058857 0.078880
0 0.597416 0.304685 0.047356 0.041988
0 0.611285 0.363209 0.043972 0.067429
0 0.670480 0.530512 0.064944 0.058526
0 0.349136 0.235985 0.055474 0.049619
0 0.317679 0.367663 0.054797 0.045803
0 0.351167 0.447179 0.054121 0.047075
0 0.290618 0.424279 0.050737 0.047071
0 0.188802 0.659646 0.059534 0.064885
0 0.148550 0.529242 0.061562 0.053434
0 0.154640 0.865755 0.071033 0.057250
0 0.528412 0.284332 0.047356 0.052163
0 0.472262 0.299596 0.046003 0.044527
0 0.377888 0.548324 0.073740 0.068705
0 0.324443 0.662828 0.061563 0.053434
0 0.287573 0.619571 0.056826 0.045799
0 0.213834 0.789417 0.059534 0.064885
0 0.368417 0.367663 0.049387 0.050891
0 0.516235 0.426823 0.051416 0.041983
0 0.210452 0.513974 0.054121 0.043255
0 0.223981 0.464357 0.047356 0.053434
0 0.535853 0.526061 0.050061 0.054711
0 0.415002 0.647493 0.050503 0.057429
0 0.184136 0.956726 0.059507 0.070680
0 0.216630 0.891198 0.069685 0.058898
0 0.288588 0.713170 0.049719 0.064789
