0 0.172567 0.788781 0.051414 0.089059
0 0.262543 0.408377 0.078474 0.063613
0 0.098827 0.912192 0.089299 0.081428
0 0.053163 0.504431 0.064270 0.059798
0 0.116416 0.251249 0.055474 0.064885
0 0.163096 0.382932 0.056826 0.068701
0 0.162758 0.438910 0.052092 0.073788
0 0.357255 0.511428 0.067649 0.076336
0 0.227365 0.594764 0.051414 0.049619
0 0.058914 0.773515 0.052769 0.045799
0 0.063987 0.632932 0.049385 0.105597
0 0.158022 0.592218 0.049385 0.062342
0 0.040986 0.414100 0.046680 0.064885
0 0.406639 0.379114 0.051414 0.050891
0 0.216879 0.477713 0.042620 0.047071
0 0.481733 0.350487 0.040591 0.059798
0 0.253073 0.506341 0.048708 0.043260
0 0.178655 0.684456 0.055474 0.040712
0 0.439451 0.658377 0.039912 0.049619
0 0.169861 0.517792 0.055474 0.076336
0 0.128932 0.525422 0.048035 0.076336
0 0.214849 0.653285 0.042622 0.052163
0 0.079885 0.594761 0.069004 0.110689
0 0.234468 0.707358 0.037207 0.073788
0 0.438098 0.447815 0.087271 0.081423
0 0.385669 0.639293 0.040591 0.062342
0 0.345077 0.363212 0.059534 0.052163
