0 0.756735 0.282422 0.069680 0.063613
0 0.887302 0.347307 0.062915 0.063613
0 0.576106 0.326951 0.042622 0.132314
0 0.629889 0.360666 0.054119 0.059798
0 0.365372 0.329495 0.060886 0.058522
0 0.418817 0.391837 0.055476 0.048347
0 0.291971 0.382932 0.056150 0.091602
0 0.476659 0.578859 0.071033 0.068701
0 0.513529 0.396924 0.063591 0.076336
0 0.588284 0.467537 0.073740 0.077608
0 0.472938 0.285601 0.059534 0.059798
0 0.529089 0.239803 0.055474 0.064885
0 0.340680 0.655831 0.073738 0.064885
0 0.415435 0.838402 0.066299 0.053434
0 0.882904 0.620843 0.077122 0.086515
0 0.620757 0.882932 0.076445 0.083972
0 0.747601 0.880386 0.060886 0.101781
0 0.760455 0.372117 0.046003 0.082700
