0 0.366050 0.357484 0.109595 0.157759
0 0.599784 0.444635 0.054797 0.054706
0 0.882228 0.221352 0.066296 0.165395
0 0.373829 0.681912 0.039915 0.091602
0 0.285206 0.492344 0.054797 0.114504
0 0.281486 0.777968 0.048708 0.100510
0 0.241909 0.656467 0.031797 0.109417
0 0.198613 0.541963 0.034502 0.066157
0 0.161404 0.791327 0.049385 0.055978
0 0.489513 0.635473 0.045325 0.064885
0 0.468879 0.531150 0.031118 0.077608
0 0.389390 0.588400 0.034502 0.047075
0 0.449598 0.419826 0.037209 0.055978
0 0.962057 0.781148 0.074417 0.129770
