0 0.587946 0.437000 0.051414 0.052163
0 0.650522 0.341582 0.073740 0.059793
0 0.819312 0.657739 0.052769 0.058526
0 0.724601 0.458632 0.048708 0.041983
0 0.447231 0.741072 0.052769 0.054706
0 0.518265 0.766517 0.033826 0.075064
0 0.584562 0.800870 0.047356 0.047075
0 0.753015 0.748072 0.054121 0.045803
0 0.708364 0.584584 0.043296 0.047075
0 0.438098 0.596035 0.045327 0.047075
0 0.505072 0.383567 0.043972 0.057254
0 0.550398 0.277968 0.049385 0.041988
0 0.835887 0.498708 0.053445 0.043255
0 0.916053 0.640565 0.043298 0.044527
0 0.705320 0.681912 0.057505 0.045799
0 0.344064 0.368299 0.054797 0.049619
0 0.377888 0.210537 0.038560 0.064885
