0 0.748278 0.400742 0.086594 0.111961
0 0.898126 0.253159 0.095388 0.173030
0 0.737793 0.141201 0.060210 0.111961
0 0.696864 0.921733 0.129890 0.148857
0 0.631919 0.737257 0.056826 0.085239
0 0.538221 0.609394 0.062917 0.073792
0 0.176288 0.658375 0.069680 0.085243
0 0.340002 0.909649 0.048032 0.071244
0 0.169185 0.910285 0.050063 0.082700
0 0.083606 0.672371 0.048032 0.057250
0 0.548708 0.854304 0.054121 0.082695
0 0.490867 0.700360 0.046680 0.062337
0 0.565620 0.687638 0.051416 0.087782
0 0.630227 0.844128 0.062915 0.085243
0 0.720203 0.526697 0.049385 0.073788
0 0.285206 0.699725 0.045325 0.058522
0 0.500675 0.814226 0.041946 0.066157
0 0.330870 0.548960 0.050061 0.054706
0 0.416449 0.321862 0.029089 0.081428
0 0.122505 0.606848 0.064946 0.083972
