0 0.419155 0.312319 0.042622 0.041983
0 0.574753 0.372753 0.056152 0.055983
0 0.549384 0.323772 0.048708 0.049619
0 0.501014 0.306593 0.054797 0.048347
0 0.619064 0.536873 0.060886 0.045803
0 0.754366 0.634203 0.032473 0.105597
0 0.500675 0.536873 0.054119 0.048347
0 0.486469 0.615119 0.064944 0.059798
0 0.386682 0.494254 0.058857 0.057250
0 0.704305 0.339674 0.050061 0.055978
0 0.762484 0.448450 0.048708 0.054706
0 0.641052 0.442089 0.061562 0.067429
0 0.688407 0.430640 0.053445 0.049619
0 0.647816 0.568046 0.056150 0.054706
0 0.646125 0.300234 0.051416 0.050891
0 0.562576 0.482803 0.049385 0.044532
0 0.470908 0.461811 0.050063 0.058526
0 0.650184 0.617027 0.046003 0.053439
