0 0.688257 0.634564 0.174634 0.160000
0 0.737512 0.862984 0.076123 0.094738
0 0.692175 0.036228 0.119780 0.072456
0 0.391034 0.803223 0.091731 0.168127
0 0.333118 0.648983 0.073853 0.078949
0 0.247604 0.667991 0.075408 0.184210
0 0.075801 0.672376 0.048975 0.204679
0 0.108451 0.662874 0.034983 0.206143
0 0.279479 0.470622 0.072297 0.096488
0 0.223506 0.444307 0.078516 0.076024
0 0.159760 0.281292 0.061414 0.156433
0 0.191243 0.363166 0.048198 0.062870
0 0.553899 0.640213 0.055195 0.087718
0 0.469940 0.593430 0.053640 0.064325
0 0.450116 0.640213 0.057527 0.073099
0 0.495205 0.761556 0.076187 0.081873
0 0.434957 0.510829 0.048977 0.045321
0 0.416210 0.758772 0.055066 0.043659
0 0.045714 0.939043 0.027986 0.116956
0 0.647826 0.489692 0.044539 0.043150
0 0.398934 0.366270 0.038870 0.044669
0 0.249987 0.765269 0.066941 0.065992
