0 0.626844 0.251251 0.069680 0.100510
0 0.728322 0.417280 0.058855 0.089059
0 0.785487 0.437002 0.059534 0.092874
0 0.828783 0.593492 0.074417 0.125955
0 0.917407 0.209901 0.040591 0.083972
0 0.662023 0.621481 0.054797 0.072521
0 0.448246 0.830769 0.057502 0.066157
0 0.436068 0.927461 0.057502 0.076336
0 0.395815 0.971988 0.044648 0.053434
0 0.308546 0.941453 0.058181 0.111961
0 0.126564 0.653287 0.056829 0.085243
0 0.158699 0.725806 0.045327 0.054706
0 0.174258 0.695907 0.052090 0.055983
0 0.033882 0.662828 0.064946 0.083967
0 0.244615 0.605576 0.049387 0.043255
0 0.263896 0.669826 0.044648 0.044527
0 0.228041 0.735347 0.063591 0.058526
0 0.388712 0.684456 0.065623 0.066157
0 0.091047 0.900108 0.037207 0.077608
0 0.467527 0.547052 0.040591 0.048347
0 0.414081 0.491072 0.033826 0.040712
0 0.310914 0.493618 0.038562 0.043260
0 0.218232 0.494252 0.046680 0.039440
0 0.427274 0.746162 0.029089 0.062342
0 0.586254 0.475806 0.039915 0.071244
0 0.642065 0.471354 0.043296 0.062342
