0 0.555811 0.855576 0.045327 0.125955
0 0.533148 0.503797 0.035178 0.050891
0 0.724939 0.647562 0.083213 0.081423
0 0.941760 0.500615 0.051416 0.062342
0 0.459407 0.901380 0.123125 0.103053
0 0.290618 0.613845 0.073740 0.080152
0 0.205717 0.620207 0.087947 0.118320
0 0.230408 0.363209 0.049385 0.057254
0 0.415435 0.320590 0.052769 0.096690
0 0.096122 0.693363 0.059534 0.068701
0 0.032190 0.641837 0.060210 0.054711
0 0.157684 0.922371 0.060886 0.058526
0 0.158361 0.718173 0.074417 0.059798
0 0.297046 0.499343 0.039238 0.057254
