0 0.641389 0.621481 0.066299 0.072521
0 0.700245 0.714355 0.075769 0.067433
0 0.755719 0.608122 0.089299 0.073792
0 0.579489 0.701632 0.062917 0.120868
0 0.668789 0.418554 0.076445 0.066162
0 0.641389 0.351758 0.064946 0.067429
0 0.812548 0.858758 0.078474 0.068701
0 0.733733 0.877204 0.087271 0.067429
0 0.885272 0.856848 0.071033 0.080152
0 0.951571 0.921100 0.095388 0.091602
0 0.754706 0.790055 0.057502 0.050891
0 0.758765 0.685728 0.061562 0.086515
0 0.912671 0.649470 0.071709 0.067433
0 0.921466 0.695271 0.073064 0.069972
0 0.903539 0.562321 0.068328 0.066157
0 0.643081 0.503795 0.060210 0.045799
0 0.699907 0.504431 0.061563 0.041983
0 0.804768 0.536876 0.060210 0.089059
0 0.534501 0.323770 0.054119 0.044527
0 0.817960 0.784332 0.060886 0.052163
0 0.850432 0.755069 0.064946 0.059798
0 0.676567 0.694637 0.066299 0.050891
0 0.888317 0.368937 0.058181 0.063613
