0 0.789877 0.685266 0.108835 0.109651
0 0.749711 0.926492 0.038870 0.090156
0 0.817086 0.837555 0.031096 0.114522
0 0.731248 0.540287 0.039517 0.065790
0 0.792468 0.587192 0.029800 0.081630
0 0.771414 0.612167 0.034336 0.043857
0 0.366196 0.804660 0.028506 0.131579
0 0.380449 0.892383 0.062192 0.056042
0 0.466609 0.506173 0.047939 0.038985
0 0.749711 0.286267 0.057009 0.037769
0 0.173792 0.809536 0.088105 0.085280
0 0.164722 0.699888 0.049233 0.087718
0 0.635369 0.747401 0.061543 0.051166
0 0.666466 0.681612 0.036926 0.046299
0 0.791517 0.422431 0.025642 0.071070
0 0.749679 0.435966 0.027444 0.057534
0 0.782745 0.317941 0.035090 0.058379
0 0.554431 0.596719 0.042739 0.040611
0 0.517595 0.268531 0.038428 0.035840
0 0.284644 0.814155 0.035239 0.039486
