0 0.373153 0.488528 0.053445 0.078884
0 0.271337 0.529876 0.060886 0.062342
0 0.279794 0.592218 0.062917 0.075060
0 0.173582 0.628478 0.065620 0.058526
0 0.063987 0.625934 0.064268 0.061070
0 0.095106 0.476442 0.060208 0.069972
0 0.900833 0.499979 0.075093 0.137406
0 0.648154 0.487254 0.052769 0.073792
0 0.383977 0.646926 0.049385 0.072521
0 0.269647 0.721352 0.053445 0.091602
0 0.541942 0.556596 0.041946 0.069977
0 0.229395 0.550870 0.052769 0.055983
0 0.112695 0.627206 0.062915 0.071244
0 0.741176 0.433186 0.043972 0.064885
0 0.847726 0.383567 0.039236 0.085243
0 0.315648 0.574405 0.053445 0.069977
