0 0.420972 0.652268 0.080054 0.093297
0 0.561066 0.575932 0.053557 0.055133
0 0.450850 0.379791 0.063140 0.059371
0 0.548099 0.441816 0.052429 0.056194
0 0.857321 0.663933 0.074417 0.061492
0 0.347400 0.639015 0.058066 0.077397
0 0.372488 0.725425 0.054121 0.067856
0 0.304836 0.552608 0.054121 0.053012
0 0.187574 0.482633 0.046228 0.080574
0 0.249025 0.463549 0.048484 0.057254
0 0.581361 0.348515 0.053557 0.049830
0 0.641682 0.460367 0.033262 0.046648
0 0.657186 0.635836 0.042844 0.064674
0 0.681146 0.702629 0.051301 0.043466
0 0.753025 0.479984 0.042847 0.045588
0 0.498770 0.431212 0.032700 0.062553
0 0.514554 0.493765 0.045100 0.032865
0 0.417589 0.499598 0.034954 0.042410
0 0.323158 0.417431 0.038899 0.051951
0 0.266219 0.412130 0.041155 0.060432
0 0.744005 0.816602 0.057502 0.053012
0 0.380098 0.583884 0.044536 0.039229
0 0.479037 0.500657 0.033826 0.053012
0 0.601937 0.421671 0.046228 0.039229
0 0.174607 0.555790 0.041719 0.076336
0 0.223937 0.332082 0.050173 0.053007
