0 0.509132 0.337764 0.066975 0.062342
0 0.619064 0.294506 0.060886 0.054706
0 0.669464 0.284968 0.054797 0.053434
0 0.672170 0.497433 0.052090 0.053434
0 0.717836 0.522879 0.046003 0.071249
0 0.768911 0.517789 0.048032 0.066157
0 0.733734 0.363845 0.053445 0.061070
0 0.647140 0.442727 0.046677 0.058522
0 0.600460 0.454814 0.053445 0.052163
0 0.600122 0.500613 0.052769 0.052163
0 0.621094 0.568044 0.067651 0.059798
0 0.549385 0.560411 0.054121 0.047075
0 0.433701 0.452904 0.054121 0.117048
0 0.245292 0.769697 0.058855 0.053434
0 0.736101 0.659011 0.070356 0.058526
0 0.459408 0.246798 0.039236 0.045799
0 0.388374 0.253795 0.048711 0.049619
0 0.363344 0.288783 0.051414 0.050891
0 0.812208 0.686366 0.053445 0.059793
0 0.832504 0.429369 0.041267 0.054706
0 0.726631 0.418554 0.052769 0.053434
0 0.568665 0.361938 0.061562 0.047071
0 0.387020 0.390565 0.048708 0.048347
0 0.367402 0.438912 0.056826 0.050891
0 0.411714 0.521607 0.060210 0.068705
