0 0.905255 0.308072 0.073479 0.053581
0 0.918190 0.234043 0.050613 0.039481
0 0.780226 0.367293 0.050613 0.046534
0 0.906005 0.424052 0.055486 0.048646
0 0.948744 0.481513 0.027742 0.090243
0 0.806656 0.491382 0.045740 0.035253
0 0.867908 0.667195 0.042290 0.103223
0 0.919869 0.709073 0.058035 0.049917
0 0.776356 0.537748 0.035540 0.040611
0 0.675583 0.371497 0.040039 0.036382
0 0.701677 0.376997 0.026543 0.055840
0 0.937190 0.862633 0.042290 0.109986
0 0.811897 0.818214 0.057134 0.049917
0 0.820220 0.965852 0.075581 0.047378
0 0.882529 0.948930 0.058936 0.055840
0 0.597754 0.969660 0.051738 0.054995
0 0.460540 0.794527 0.033740 0.104068
0 0.557490 0.919743 0.045889 0.083756
