0 0.960026 0.559775 0.048708 0.055978
0 0.772971 0.606212 0.050737 0.059798
0 0.699569 0.486621 0.051414 0.062342
0 0.578812 0.433184 0.048035 0.049619
0 0.489851 0.531786 0.050063 0.048347
0 0.877155 0.295781 0.043972 0.057254
0 0.920450 0.359394 0.043972 0.044527
0 0.863286 0.555957 0.043296 0.061070
0 0.276073 0.455448 0.047356 0.038168
0 0.939393 0.521607 0.043972 0.066162
0 0.532134 0.620845 0.048032 0.076336
0 0.606887 0.553414 0.059531 0.066157
0 0.826415 0.819954 0.066975 0.064885
0 0.357255 0.578859 0.041946 0.076331
0 0.208083 0.573770 0.034502 0.048347
0 0.203348 0.453542 0.053445 0.057250
0 0.331208 0.405831 0.030444 0.071249
0 0.776016 0.401377 0.077124 0.069972
0 0.843667 0.449725 0.050063 0.047071
0 0.761132 0.468173 0.047356 0.050891
0 0.809165 0.503159 0.058179 0.069972
0 0.914023 0.739167 0.050063 0.063613
0 0.967130 0.700996 0.056150 0.043260
