0 0.515559 0.573136 0.039238 0.090331
0 0.495940 0.732167 0.055474 0.072516
0 0.595387 0.728352 0.043298 0.085243
0 0.742190 0.918554 0.043296 0.104325
0 0.812548 0.737257 0.046003 0.077608
0 0.886287 0.707994 0.043296 0.057254
0 0.651876 0.481529 0.054797 0.039440
0 0.791914 0.408377 0.035854 0.038168
0 0.867006 0.414100 0.053445 0.059798
0 0.472262 0.505067 0.029768 0.068701
0 0.708026 0.679369 0.049387 0.055983
0 0.586254 0.893108 0.060208 0.055978
0 0.510146 0.939545 0.051416 0.047071
0 0.656949 0.338400 0.036531 0.043255
0 0.677245 0.275425 0.029768 0.034348
0 0.562576 0.561685 0.046680 0.059798
0 0.643757 0.559775 0.052090 0.040716
0 0.178655 0.871481 0.041943 0.091602
0 0.267955 0.505069 0.047356 0.055978
0 0.178318 0.416646 0.046680 0.049619
0 0.023734 0.587764 0.037883 0.106869
0 0.386007 0.406469 0.027737 0.064885
0 0.670142 0.433822 0.033149 0.040712
