0 0.414758 0.618299 0.036533 0.089059
0 0.300765 0.438912 0.056150 0.076336
0 0.269984 0.444635 0.059534 0.062337
0 0.368755 0.361938 0.071709 0.069972
0 0.546677 0.442725 0.070356 0.066157
0 0.233790 0.797688 0.081858 0.066157
0 0.119800 0.781148 0.066299 0.053434
0 0.145168 0.907741 0.058857 0.059798
0 0.080562 0.859394 0.059531 0.047071
0 0.053163 0.887385 0.064270 0.075064
0 0.071090 0.549598 0.063591 0.063613
0 0.104240 0.466899 0.077122 0.061070
0 0.243600 0.211811 0.060886 0.049619
0 0.298737 0.335220 0.057502 0.054711
0 0.181362 0.699725 0.052769 0.040716
0 0.223304 0.745526 0.050061 0.058526
0 0.175610 0.471352 0.061562 0.057250
0 0.063987 0.655831 0.048032 0.057254
0 0.056884 0.772879 0.059534 0.057254
0 0.288251 0.583313 0.051414 0.052163
0 0.100857 0.267153 0.054121 0.076336
0 0.079547 0.405195 0.053445 0.049619
0 0.449260 0.348579 0.050063 0.043255
0 0.519617 0.370845 0.054121 0.044527
0 0.143477 0.387385 0.039238 0.052163
0 0.112357 0.402016 0.044651 0.053434
0 0.196583 0.328223 0.030442 0.055978
0 0.080562 0.715627 0.056826 0.054706
0 0.123519 0.608120 0.042620 0.063613
0 0.290618 0.706086 0.049385 0.083972
0 0.197260 0.557867 0.054797 0.052163
0 0.142123 0.726442 0.047356 0.055978
