0 0.257130 0.278607 0.048708 0.066157
0 0.026102 0.559139 0.043972 0.085239
0 0.234468 0.373388 0.042622 0.059798
0 0.421523 0.441455 0.044648 0.055978
0 0.337635 0.307231 0.036531 0.059798
0 0.246644 0.506341 0.039915 0.068705
0 0.053501 0.707994 0.058179 0.064885
0 0.093416 0.650106 0.066299 0.066162
0 0.106946 0.597943 0.056826 0.073792
0 0.155654 0.523517 0.058179 0.087787
0 0.151934 0.335220 0.077798 0.087787
0 0.457040 0.234713 0.043972 0.047075
0 0.500337 0.344764 0.069683 0.083972
0 0.828446 0.604940 0.041267 0.072516
0 0.819989 0.540691 0.059534 0.094146
