0 0.425920 0.246798 0.096743 0.073788
0 0.448922 0.719444 0.091331 0.082700
0 0.511837 0.772881 0.079153 0.100510
0 0.783795 0.281786 0.058855 0.059798
0 0.814238 0.314865 0.048032 0.047075
0 0.857197 0.392472 0.041943 0.041988
0 0.606549 0.274787 0.068328 0.061070
0 0.516910 0.315498 0.074417 0.063613
0 0.592681 0.419190 0.073062 0.057250
0 0.608579 0.354940 0.057505 0.053434
0 0.404609 0.545145 0.067651 0.054706
0 0.377550 0.473260 0.060886 0.045803
0 0.278103 0.854943 0.077124 0.063613
0 0.168846 0.867027 0.080505 0.100510
0 0.333239 0.721352 0.056150 0.058526
0 0.316664 0.624024 0.058181 0.052163
0 0.075826 0.482803 0.060886 0.080152
0 0.163096 0.571226 0.064946 0.073792
0 0.575092 0.509520 0.055476 0.049619
0 0.502705 0.639927 0.056826 0.055978
