0 0.945481 0.185094 0.077798 0.075064
0 0.960703 0.559775 0.077124 0.071249
0 0.451290 0.547052 0.073064 0.101781
0 0.457040 0.455450 0.054797 0.071249
0 0.366050 0.298960 0.040591 0.058526
0 0.524015 0.271609 0.043972 0.077608
0 0.192186 0.589036 0.074417 0.081423
0 0.280808 0.753159 0.082534 0.073792
0 0.324105 0.900742 0.064944 0.061070
0 0.171553 0.874660 0.060210 0.108145
0 0.102886 0.766520 0.044648 0.062342
0 0.203348 0.716899 0.077800 0.072521
0 0.444863 0.599215 0.079150 0.076336
0 0.734410 0.746164 0.050740 0.103053
0 0.923157 0.842218 0.064268 0.134858
0 0.745234 0.638655 0.048032 0.055978
0 0.695510 0.876568 0.083887 0.091602
0 0.536868 0.833949 0.060210 0.092874
0 0.354210 0.688910 0.029089 0.100510
0 0.028132 0.680002 0.048032 0.052163
