0 0.567312 0.424279 0.060210 0.062342
0 0.610608 0.378478 0.060210 0.059793
0 0.635640 0.438910 0.060210 0.066157
0 0.599446 0.566136 0.056826 0.048343
0 0.544988 0.559139 0.061562 0.049619
0 0.547017 0.519063 0.062915 0.050891
0 0.478013 0.534330 0.049385 0.043260
0 0.490865 0.484075 0.056150 0.072521
0 0.437084 0.581405 0.059534 0.053434
0 0.340680 0.461809 0.060208 0.050891
0 0.451290 0.286240 0.060886 0.055978
0 0.484777 0.331405 0.054797 0.041983
0 0.483762 0.371478 0.054121 0.053434
0 0.615682 0.273517 0.052766 0.048347
0 0.653229 0.346671 0.058855 0.067429
0 0.642405 0.506977 0.031797 0.108140
0 0.695172 0.650106 0.056150 0.066162
0 0.634624 0.640565 0.044648 0.044527
0 0.460422 0.672369 0.057505 0.059798
0 0.611962 0.751887 0.041267 0.066162
0 0.442833 0.512700 0.057502 0.048347
0 0.570017 0.344764 0.046680 0.043255
0 0.427612 0.459265 0.044648 0.050891
