0 0.749949 0.044922 0.026543 0.089844
0 0.759620 0.131302 0.017996 0.072759
0 0.747699 0.256095 0.018445 0.073604
0 0.693534 0.413887 0.064333 0.053301
0 0.197944 0.600611 0.049937 0.043994
0 0.170277 0.538425 0.048586 0.038072
0 0.074001 0.486816 0.046787 0.073604
0 0.351355 0.593418 0.036440 0.054991
0 0.393643 0.615838 0.043638 0.045689
0 0.271725 0.414054 0.043640 0.034692
0 0.182423 0.384017 0.041389 0.037227
0 0.600464 0.766676 0.050532 0.081873
0 0.606683 0.967697 0.087844 0.054091
0 0.727958 0.898985 0.050530 0.068714
0 0.449650 0.746938 0.042756 0.054096
0 0.533220 0.839043 0.074629 0.042401
0 0.525446 0.941382 0.038870 0.112571
0 0.894766 0.507626 0.042290 0.031304
0 0.787693 0.655519 0.040039 0.043994
0 0.531199 0.579685 0.109146 0.080702
0 0.770947 0.351616 0.088623 0.070174
0 0.712175 0.457757 0.090488 0.057893
0 0.908545 0.689337 0.070898 0.156139
0 0.943063 0.485829 0.057839 0.047369
0 0.644542 0.126178 0.044778 0.092980
0 0.513474 0.378809 0.047578 0.107020
0 0.250869 0.509511 0.052241 0.042107
0 0.229879 0.434249 0.045710 0.043861
0 0.617489 0.199162 0.044778 0.082456
