0 0.577120 0.499341 0.077122 0.077608
0 0.639360 0.489164 0.063594 0.085243
0 0.468202 0.345399 0.044651 0.115776
0 0.746925 0.179369 0.064944 0.068701
0 0.522661 0.089036 0.077798 0.106869
0 0.591665 0.376568 0.046680 0.094146
0 0.485116 0.447817 0.063591 0.086515
0 0.429979 0.535601 0.066975 0.081423
0 0.484100 0.644380 0.053445 0.085243
0 0.451967 0.780514 0.070359 0.095418
0 0.799355 0.814229 0.073740 0.071249
0 0.711747 0.791327 0.044651 0.099238
0 0.655934 0.819316 0.069680 0.101781
0 0.712761 0.649472 0.060210 0.090331
0 0.695172 0.729624 0.069680 0.059798
0 0.702614 0.312955 0.056150 0.058526
0 0.650522 0.288147 0.052090 0.054706
0 0.612299 0.238528 0.062239 0.077608
0 0.343724 0.131022 0.046003 0.096690
0 0.317002 0.305321 0.058857 0.078880
0 0.418817 0.288147 0.052766 0.069977
0 0.330870 0.517156 0.059534 0.072521
0 0.419833 0.962447 0.083210 0.059798
0 0.623800 0.680005 0.066296 0.067429
0 0.837916 0.611302 0.042620 0.100510
0 0.802737 0.439545 0.062915 0.097961
0 0.696188 0.395016 0.046003 0.069977
0 0.845020 0.222624 0.056826 0.068701
0 0.874110 0.175551 0.058181 0.055978
0 0.815254 0.063593 0.055474 0.068701
0 0.725615 0.078859 0.062915 0.066157
0 0.378564 0.192727 0.057505 0.054711
0 0.444186 0.146926 0.052092 0.049619
0 0.561222 0.256977 0.054797 0.043255
0 0.878845 0.332041 0.060884 0.066157
