0 0.161067 0.392472 0.055474 0.054706
0 0.020013 0.762066 0.034504 0.104325
0 0.035236 0.607486 0.046003 0.054706
0 0.141110 0.504431 0.042620 0.062342
0 0.247998 0.397560 0.037207 0.049619
0 0.271000 0.344125 0.043972 0.047075
0 0.495262 0.521607 0.046003 0.045803
0 0.631581 0.298960 0.042620 0.040712
0 0.379579 0.344125 0.044651 0.049619
0 0.055192 0.882293 0.053445 0.057250
0 0.226012 0.836492 0.046003 0.047071
0 0.154301 0.923005 0.035178 0.080152
0 0.313959 0.457994 0.048708 0.035620
0 0.247322 0.470080 0.043975 0.052163
0 0.095106 0.544506 0.049387 0.040712
0 0.212144 0.533058 0.058857 0.073792
0 0.095106 0.618299 0.056150 0.066157
0 0.093076 0.371478 0.050737 0.053434
0 0.370446 0.437002 0.054797 0.049614
