0 0.542957 0.576315 0.076445 0.058526
0 0.527059 0.521607 0.063591 0.053434
0 0.452981 0.471988 0.046680 0.053434
0 0.495262 0.367027 0.059534 0.054706
0 0.431333 0.385475 0.060210 0.058526
0 0.350151 0.260794 0.058857 0.050891
0 0.375858 0.304050 0.050740 0.050891
0 0.606549 0.613845 0.054797 0.049619
0 0.682657 0.554050 0.059534 0.047071
0 0.877491 0.701632 0.047356 0.047075
0 0.791914 0.841582 0.049385 0.057250
0 0.599784 0.717537 0.042620 0.040712
0 0.301781 0.333313 0.047356 0.068701
0 0.264573 0.322498 0.054121 0.062342
0 0.443848 0.216265 0.058179 0.058526
0 0.470232 0.181276 0.046001 0.057254
0 0.506764 0.295781 0.048708 0.057254
0 0.612300 0.449725 0.056826 0.044527
0 0.609594 0.496162 0.046003 0.058522
0 0.653567 0.534966 0.048711 0.041988
0 0.482070 0.536237 0.060210 0.052163
0 0.511500 0.450360 0.060886 0.055983
