0 0.539237 0.178095 0.090652 0.073792
0 0.509132 0.350487 0.081858 0.082700
0 0.298398 0.307867 0.079829 0.066157
0 0.363344 0.328859 0.070359 0.085239
0 0.419155 0.405831 0.077798 0.089054
0 0.451965 0.465627 0.052769 0.071244
0 0.513191 0.773515 0.117036 0.109417
0 0.412390 0.704814 0.072388 0.106873
0 0.766544 0.284330 0.066296 0.090331
0 0.910641 0.480259 0.074417 0.095422
0 0.892375 0.297052 0.082534 0.151396
0 0.327150 0.519699 0.060208 0.047075
0 0.226011 0.692727 0.052769 0.062342
0 0.411714 0.603030 0.058857 0.050891
0 0.507778 0.288147 0.075093 0.057250
0 0.563590 0.407739 0.059534 0.047075
0 0.416449 0.543235 0.056150 0.061070
