0 0.300089 0.512702 0.050740 0.068701
0 0.367740 0.655193 0.060208 0.076336
0 0.334930 0.718173 0.035178 0.072516
0 0.251719 0.781786 0.046001 0.057254
0 0.301781 0.635475 0.063591 0.057250
0 0.218569 0.638019 0.069004 0.054706
0 0.207407 0.730895 0.058857 0.069972
0 0.157345 0.687002 0.054797 0.048347
0 0.557164 0.660285 0.054797 0.083967
0 0.621770 0.650742 0.052769 0.059793
0 0.481733 0.715629 0.041943 0.062342
0 0.035234 0.533694 0.067651 0.087782
0 0.076163 0.370207 0.071033 0.081423
0 0.025087 0.742982 0.046003 0.058526
0 0.165125 0.543873 0.052769 0.047075
0 0.117430 0.494890 0.054797 0.045803
0 0.209098 0.365755 0.047356 0.054706
0 0.148551 0.801506 0.041267 0.068705
0 0.605873 0.408375 0.058855 0.081423
0 0.476321 0.489164 0.043296 0.047071
0 0.086649 0.721354 0.047356 0.050891
0 0.271000 0.293235 0.043972 0.057250
0 0.767560 0.385475 0.039915 0.086515
0 0.813562 0.409013 0.045327 0.057254
0 0.673862 0.405195 0.040591 0.103053
0 0.365034 0.450360 0.045327 0.045799
0 0.154640 0.420461 0.056150 0.054706
0 0.329518 0.398834 0.051414 0.047071
0 0.183391 0.590946 0.052769 0.041983
