0 0.329022 0.415840 0.045100 0.042406
0 0.368766 0.458248 0.040027 0.040289
0 0.354955 0.513910 0.049612 0.054073
0 0.223317 0.564800 0.058069 0.051951
0 0.192592 0.597137 0.055247 0.048774
0 0.075892 0.765714 0.060886 0.059371
0 0.184417 0.747160 0.063706 0.051951
0 0.270673 0.645379 0.049045 0.047709
0 0.176243 0.882337 0.052993 0.065730
0 0.226699 0.447647 0.054683 0.044532
0 0.213451 0.408418 0.042844 0.046653
0 0.277156 0.359118 0.040591 0.043471
0 0.239666 0.352757 0.043408 0.051951
0 0.466014 0.237192 0.046228 0.058315
0 0.265316 0.511260 0.037209 0.042410
0 0.326766 0.547307 0.038337 0.042410
0 0.350726 0.606680 0.041155 0.046648
0 0.072229 0.641136 0.068213 0.064669
0 0.120148 0.549959 0.041155 0.085877
0 0.127478 0.422202 0.046792 0.040289
0 0.212605 0.704750 0.043408 0.049830
0 0.023007 0.917323 0.046013 0.074215
