0 0.582871 0.444635 0.083213 0.075064
0 0.635977 0.571862 0.069004 0.069977
0 0.707350 0.507610 0.068328 0.063613
0 0.773986 0.401380 0.059534 0.049619
0 0.630227 0.231531 0.099448 0.081428
0 0.335944 0.330131 0.081858 0.072521
0 0.446555 0.537511 0.082534 0.062342
0 0.332223 0.582041 0.074417 0.057250
0 0.385330 0.692091 0.072388 0.066157
0 0.214850 0.645654 0.081858 0.077608
0 0.075826 0.650106 0.047356 0.058522
0 0.111343 0.650106 0.048032 0.053434
0 0.246984 0.492982 0.062239 0.075064
0 0.482072 0.770971 0.057502 0.050886
0 0.553104 0.335856 0.079153 0.066157
0 0.719866 0.649470 0.056826 0.054706
0 0.558855 0.922371 0.070356 0.063613
0 0.750646 0.326313 0.056150 0.062342
