0 0.592004 0.232167 0.071709 0.080156
0 0.647140 0.256338 0.058855 0.077608
0 0.702615 0.420461 0.075093 0.072521
0 0.921465 0.658375 0.125830 0.250634
0 0.661685 0.631024 0.086592 0.078880
0 0.747601 0.679369 0.086594 0.094146
0 0.609255 0.556596 0.058857 0.103053
0 0.845020 0.187638 0.069004 0.054706
0 0.959012 0.228352 0.068328 0.062342
0 0.953600 0.279878 0.056150 0.061070
0 0.867007 0.348581 0.064268 0.076336
0 0.708026 0.120209 0.053445 0.072521
0 0.256793 0.516520 0.092683 0.101781
0 0.406641 0.292599 0.081182 0.071249
0 0.267616 0.300870 0.056150 0.082695
0 0.301443 0.206722 0.061562 0.067429
0 0.433024 0.899470 0.098772 0.119591
0 0.288588 0.900742 0.096741 0.170482
0 0.616359 0.379750 0.058181 0.059793
0 0.515559 0.157103 0.052769 0.057254
0 0.542280 0.059777 0.052090 0.063613
0 0.791576 0.528604 0.059534 0.082700
0 0.743881 0.562957 0.071033 0.161579
0 0.448246 0.148834 0.053445 0.053434
0 0.304486 0.069316 0.058181 0.062342
0 0.818297 0.346669 0.066975 0.077608
0 0.736440 0.312957 0.061562 0.055978
0 0.713099 0.360666 0.051414 0.080156
0 0.720204 0.844128 0.079153 0.087787
0 0.290280 0.604304 0.071711 0.089059
