0 0.408669 0.449725 0.070356 0.072516
0 0.384653 0.580131 0.057505 0.058526
0 0.409346 0.662828 0.055474 0.073792
0 0.300427 0.555321 0.055474 0.067429
0 0.295692 0.470080 0.036531 0.059793
0 0.199628 0.444635 0.048708 0.057250
0 0.180009 0.556596 0.047356 0.044532
0 0.407993 0.342218 0.054121 0.055978
0 0.460762 0.338402 0.054121 0.045803
0 0.605197 0.596671 0.056150 0.050891
0 0.594373 0.459265 0.049385 0.053434
0 0.439451 0.559775 0.052090 0.053434
0 0.495939 0.521607 0.050061 0.050891
0 0.308207 0.326951 0.052092 0.050891
0 0.300427 0.389291 0.055474 0.043255
0 0.549045 0.669190 0.050737 0.055983
0 0.115402 0.431912 0.042620 0.049619
0 0.351505 0.501251 0.056150 0.045799
