0 0.279692 0.465140 0.056938 0.049830
0 0.327612 0.536706 0.047920 0.057250
0 0.294915 0.589715 0.046792 0.055133
0 0.313236 0.673473 0.038337 0.057250
0 0.144955 0.692027 0.068215 0.062557
0 0.152001 0.807592 0.055247 0.054073
0 0.108309 0.925275 0.068215 0.051947
0 0.037839 0.607208 0.065962 0.081635
0 0.093651 0.735496 0.068215 0.056189
0 0.192028 0.514970 0.059758 0.056194
0 0.186954 0.434924 0.049612 0.055129
0 0.221626 0.427502 0.045664 0.042406
0 0.171733 0.657041 0.055249 0.045588
0 0.199921 0.764651 0.048484 0.048770
0 0.026671 0.860601 0.053342 0.056189
0 0.034175 0.796458 0.056377 0.061492
0 0.046578 0.731786 0.048484 0.057254
0 0.091960 0.473620 0.045664 0.045588
0 0.126350 0.505957 0.045664 0.038168
0 0.156793 0.488464 0.051301 0.049830
0 0.351853 0.494295 0.034390 0.042410
0 0.270673 0.545188 0.036643 0.048770
0 0.203303 0.599787 0.042847 0.045588
0 0.199921 0.567452 0.045100 0.046648
0 0.442056 0.288083 0.046792 0.060436
0 0.356646 0.458779 0.034951 0.041350
0 0.242202 0.374493 0.038335 0.036047
