0 0.486469 0.486621 0.066296 0.067429
0 0.534839 0.725806 0.062915 0.057250
0 0.459746 0.937638 0.080503 0.091602
0 0.156331 0.851125 0.062241 0.071249
0 0.760793 0.676823 0.065620 0.055978
0 0.773309 0.888019 0.052766 0.043255
0 0.548369 0.586492 0.038560 0.071249
0 0.350828 0.653923 0.052090 0.066157
0 0.561223 0.469444 0.042622 0.040716
0 0.745573 0.554685 0.050061 0.045799
0 0.728660 0.500615 0.043296 0.044527
0 0.219922 0.702268 0.041943 0.071249
0 0.168169 0.575677 0.050737 0.054706
0 0.293325 0.732167 0.048032 0.054711
0 0.334592 0.835220 0.034502 0.054711
0 0.923495 0.823770 0.051414 0.067429
