0 0.200642 0.426187 0.061562 0.048343
0 0.300765 0.554050 0.068328 0.059798
0 0.344062 0.305960 0.045327 0.039440
0 0.369771 0.262702 0.064268 0.077608
0 0.217893 0.335220 0.070356 0.064885
0 0.095444 0.289419 0.063594 0.054706
0 0.042001 0.568044 0.073064 0.062342
0 0.094768 0.540055 0.054121 0.049614
0 0.126903 0.597943 0.056150 0.058522
0 0.053839 0.678095 0.058855 0.055978
0 0.043691 0.763974 0.056152 0.049619
0 0.271676 0.626570 0.052092 0.067429
0 0.107622 0.706722 0.054121 0.049614
0 0.192524 0.781784 0.049385 0.049619
0 0.348123 0.381022 0.060210 0.054706
0 0.433025 0.461175 0.041943 0.057254
0 0.330532 0.210539 0.050737 0.044532
0 0.082590 0.436366 0.055474 0.045799
0 0.082592 0.641201 0.048708 0.038168
0 0.365374 0.503795 0.052769 0.063613
0 0.283514 0.437638 0.047356 0.043255
0 0.253071 0.543873 0.054121 0.047075
0 0.172228 0.260794 0.053445 0.048347
0 0.272690 0.210537 0.040591 0.036896
0 0.319369 0.266517 0.048708 0.047075
0 0.082592 0.328223 0.059534 0.045803
0 0.401566 0.172371 0.050740 0.069977
0 0.447570 0.371478 0.041267 0.048347
0 0.131975 0.625296 0.054121 0.047075
0 0.129948 0.183820 0.047356 0.041983
0 0.641390 0.492346 0.035178 0.071249
