0 0.779194 0.518682 0.066299 0.050891
0 0.864435 0.500868 0.073064 0.073792
0 0.833315 0.890184 0.082534 0.078880
0 0.721353 0.866010 0.077798 0.122140
0 0.659115 0.708248 0.066975 0.066157
0 0.704441 0.615372 0.045327 0.076336
0 0.863420 0.428349 0.060210 0.058526
0 0.553240 0.820843 0.063594 0.128499
0 0.657423 0.934075 0.079827 0.067433
0 0.508590 0.931531 0.060886 0.057250
0 0.262340 0.842472 0.064944 0.080152
0 0.438910 0.603921 0.043298 0.078880
0 0.504531 0.536494 0.060884 0.063613
0 0.652012 0.340565 0.041943 0.033076
0 0.767694 0.726697 0.051414 0.049619
0 0.906041 0.769318 0.042620 0.040712
0 0.976737 0.621100 0.046003 0.054706
0 0.779194 0.618554 0.056826 0.044527
0 0.614126 0.486873 0.046001 0.050891
0 0.506899 0.660539 0.064268 0.052163
0 0.736237 0.474151 0.052092 0.045803
