0 0.657849 0.538338 0.057656 0.063352
0 0.657201 0.591334 0.055066 0.067011
0 0.652018 0.765556 0.044700 0.079192
0 0.820131 0.555393 0.054417 0.053604
0 0.858029 0.569403 0.048586 0.057264
0 0.782233 0.566967 0.040813 0.054826
0 0.881674 0.411630 0.050530 0.034114
0 0.858352 0.390310 0.042759 0.040207
0 0.675664 0.479858 0.049233 0.043857
0 0.788711 0.455489 0.057656 0.046295
0 0.788710 0.414676 0.055066 0.040207
0 0.743362 0.365333 0.056362 0.038985
0 0.666271 0.324520 0.052473 0.047516
0 0.623513 0.414676 0.042109 0.028021
0 0.612825 0.557831 0.044053 0.053604
0 0.704817 0.529199 0.041460 0.069444
