0 0.574019 0.078811 0.106348 0.064913
0 0.542766 0.305124 0.047578 0.061405
0 0.238541 0.494396 0.058845 0.059904
0 0.245289 0.445663 0.058303 0.051777
0 0.332477 0.625872 0.030774 0.077163
0 0.383763 0.509626 0.028611 0.084265
0 0.383494 0.835018 0.022676 0.077163
0 0.484717 0.690852 0.021055 0.089343
0 0.594037 0.976648 0.055066 0.037567
0 0.384573 0.703542 0.026992 0.061933
0 0.419125 0.322815 0.020515 0.057870
0 0.433160 0.342612 0.029153 0.048733
0 0.614014 0.306063 0.025913 0.107617
0 0.732782 0.328907 0.048586 0.037567
0 0.160514 0.936198 0.032615 0.047236
0 0.347253 0.441185 0.027368 0.047943
0 0.364124 0.594885 0.027368 0.045124
