0 0.805782 0.744254 0.044651 0.043255
0 0.784810 0.868299 0.058179 0.072521
0 0.883918 0.841582 0.060210 0.047075
0 0.697202 0.594764 0.046680 0.052163
0 0.694158 0.388655 0.051416 0.041983
0 0.217217 0.541329 0.048711 0.049619
0 0.243262 0.660921 0.033149 0.052163
0 0.947511 0.687002 0.064270 0.061065
0 0.834194 0.471988 0.054121 0.055978
0 0.831489 0.634839 0.044648 0.043260
0 0.873434 0.625934 0.047356 0.035624
0 0.935673 0.501887 0.037883 0.057254
0 0.928907 0.760156 0.060886 0.044527
0 0.947512 0.875932 0.061563 0.062342
0 0.862271 0.793871 0.049385 0.053434
0 0.861932 0.749341 0.040588 0.040712
0 0.779736 0.552142 0.042622 0.053439
0 0.819651 0.555324 0.046680 0.047075
0 0.730012 0.435730 0.041943 0.044527
0 0.333239 0.483439 0.043972 0.045803
