0 0.515559 0.557231 0.067651 0.068705
0 0.761471 0.693361 0.137332 0.127227
0 0.835210 0.786240 0.118389 0.155216
0 0.845696 0.078223 0.082534 0.082700
0 0.682318 0.264610 0.068328 0.048347
0 0.915039 0.400106 0.048032 0.082700
0 0.584900 0.450996 0.060210 0.044527
0 0.674200 0.387383 0.064270 0.067429
0 0.581179 0.340310 0.052769 0.057250
0 0.523339 0.447179 0.056150 0.054706
0 0.465835 0.602397 0.061563 0.064885
0 0.498307 0.677459 0.053445 0.072521
0 0.446893 0.452904 0.054797 0.061070
0 0.463129 0.353030 0.050740 0.064885
0 0.338651 0.428097 0.056150 0.072521
0 0.281146 0.554050 0.066975 0.062342
0 0.365712 0.899470 0.096741 0.081428
0 0.277764 0.872753 0.076445 0.073788
0 0.566636 0.554052 0.049385 0.052163
0 0.606549 0.536240 0.041267 0.041983
0 0.689083 0.494890 0.072385 0.058522
0 0.800032 0.313593 0.064268 0.052163
0 0.467526 0.875296 0.056829 0.066157
