0 0.620756 0.410285 0.126506 0.123407
0 0.753690 0.478988 0.132595 0.108140
0 0.813562 0.428730 0.100801 0.089059
0 0.669465 0.671100 0.118389 0.103053
0 0.553444 0.729624 0.060886 0.197199
0 0.651199 0.244890 0.106211 0.092874
0 0.686039 0.302778 0.062239 0.066162
0 0.898802 0.728349 0.072385 0.151400
0 0.926539 0.596033 0.072385 0.118320
0 0.560547 0.889929 0.085918 0.082695
0 0.345415 0.804685 0.091328 0.095422
0 0.242585 0.920461 0.126509 0.100510
0 0.145507 0.969444 0.073064 0.058522
0 0.339327 0.589038 0.095388 0.094146
0 0.563591 0.526061 0.120420 0.110689
0 0.470232 0.311047 0.086592 0.067429
0 0.475983 0.389929 0.079153 0.075064
0 0.407316 0.648198 0.063591 0.108140
0 0.901846 0.078859 0.081182 0.086515
0 0.609255 0.164738 0.062915 0.059798
0 0.439113 0.232803 0.079827 0.063613
0 0.493572 0.244254 0.057505 0.071244
0 0.803414 0.777968 0.100798 0.082695
0 0.776692 0.908375 0.102832 0.127227
0 0.873094 0.280512 0.083210 0.077608
0 0.405625 0.436366 0.065620 0.048343
0 0.538560 0.597307 0.077124 0.105597
0 0.734409 0.827585 0.075093 0.115776
