0 0.401904 0.316136 0.050063 0.049619
0 0.231423 0.256341 0.062241 0.064885
0 0.323429 0.472624 0.052766 0.072521
0 0.282834 0.541965 0.059526 0.096694
0 0.195907 0.683822 0.066975 0.054706
0 0.168170 0.639291 0.054797 0.047075
0 0.157345 0.693361 0.052092 0.076336
0 0.514205 0.541329 0.056829 0.075064
0 0.599784 0.453540 0.057502 0.059798
0 0.507780 0.395652 0.054797 0.050891
0 0.456364 0.505705 0.058855 0.049619
0 0.409685 0.512066 0.048032 0.069972
0 0.211129 0.400742 0.060886 0.063613
0 0.111343 0.364483 0.052090 0.069977
0 0.102886 0.235985 0.050063 0.069977
0 0.084958 0.400744 0.043975 0.073792
0 0.075488 0.548960 0.049385 0.072521
0 0.123521 0.572500 0.058857 0.063613
0 0.179670 0.481531 0.056152 0.041988
0 0.179331 0.506977 0.055474 0.041988
0 0.119799 0.712445 0.046003 0.038168
0 0.053839 0.962447 0.060208 0.072516
0 0.281486 0.860666 0.044651 0.080156
0 0.396492 0.688912 0.054121 0.064885
0 0.545325 0.270335 0.044648 0.062342
0 0.373829 0.260794 0.050740 0.055978
0 0.308546 0.381022 0.047356 0.047075
0 0.039631 0.405195 0.061563 0.077608
0 0.024750 0.668554 0.041267 0.054711
