0 0.631166 0.521136 0.034490 0.055698
0 0.643538 0.620549 0.033740 0.040188
0 0.406869 0.742323 0.031853 0.062948
0 0.509333 0.784052 0.034551 0.052796
0 0.619735 0.868320 0.051287 0.046703
0 0.592213 0.689855 0.021746 0.040188
0 0.500549 0.829807 0.028867 0.035253
0 0.468870 0.784332 0.020244 0.051465
0 0.335032 0.908421 0.023994 0.054288
0 0.332407 0.793499 0.025493 0.038779
0 0.357607 0.959424 0.026543 0.035533
0 0.504067 0.672817 0.022495 0.028792
0 0.587902 0.792863 0.026995 0.032429
0 0.578716 0.837987 0.022119 0.031024
0 0.656553 0.697484 0.020244 0.054151
