0 0.801384 0.461809 0.075093 0.078880
0 0.758763 0.533058 0.053445 0.058522
0 0.822695 0.629114 0.070356 0.069972
0 0.720204 0.832677 0.056150 0.064885
0 0.508116 0.800870 0.052766 0.047075
0 0.411376 0.535601 0.078474 0.068705
0 0.475306 0.625298 0.069680 0.062342
0 0.582871 0.513338 0.060210 0.082700
0 0.388712 0.569318 0.073738 0.075064
0 0.511500 0.363212 0.047356 0.052163
0 0.555134 0.395652 0.052090 0.050891
0 0.543972 0.444635 0.059531 0.049619
0 0.617711 0.413464 0.051414 0.043255
0 0.641729 0.384837 0.048032 0.049619
0 0.692128 0.468809 0.060886 0.057250
0 0.275059 0.417282 0.042622 0.061065
0 0.158021 0.513338 0.054797 0.057254
0 0.349136 0.279878 0.040591 0.040712
0 0.423552 0.388655 0.066299 0.069972
0 0.544310 0.706722 0.064270 0.057254
0 0.575092 0.651377 0.055476 0.045803
0 0.316326 0.506341 0.053442 0.045803
0 0.603167 0.721988 0.057505 0.082700
0 0.676229 0.605579 0.052092 0.050891
0 0.886287 0.771607 0.066299 0.067429
